Map from character to field name
A:	1977-XX-XX
B:	1986-XX-XX
C:	1989-XX-XX
D:	1991-XX-XX
E:	1992-XX-XX
F:	1994-XX-XX
G:	1996-XX-XX
H:	2011-11-XX
I:	2012-10-04
J:	2012-10-05
K:	2012-10-06
L:	2012-11-01
M:	2012-11-02
N:	2012-11-03
O:	2012-11-04
P:	2013-08-03
Q:	2013-08-04
R:	2013-08-05
S:	2013-08-06
T:	2013-08-07
U:	2013-08-08
V:	2013-08-09
W:	2013-08-10
X:	2013-08-11
Y:	2013-08-12
Z:	2013-09-15
[:	2013-09-18
\:	2013-09-19
]:	2013-09-20
^:	2013-09-21
_:	2013-09-22
`:	2013-09-23
a:	2013-09-24
b:	2014-06-XX
c:	2014-09-16
d:	2014-XX-XX
e:	2016-08-16
f:	2016-08-24
g:	2016-08-28
h:	2016-09-05
i:	2016-09-10
j:	2016-09-11
k:	2016-09-12
l:	2016-11-01
m:	2016-11-02
n:	2016-12-14
o:	2016-XX-XX
p:	2017-01-22
q:	2017-02-11
r:	2017-03-21
s:	2017-04-08
t:	2017-07-10
u:	2017-08-30
v:	2017-11-14
w:	2017-XX-XX
x:	2018-04-15
y:	2018-08-01
z:	2018-08-09
{:	2018-09-15
|:	2018-10-12
}:	2018-10-23
~:	2018-XX-XX
:	2019-04-07
:	2019-08-01
:	2019-08-11
:	2019-09-03
:	2019-10-16
:	2019-11-25
:	2019-12-11
:	2019-XX-XX
:	2020-05-13
:	2020-08-01
:	2020-08-16
:	2020-09-01
:	2020-09-03
:	2020-10-16
:	2021-XX-XX
:	2022-06-XX
:	2022-08-XX
:	2022-10-XX
:	2022-XX-XX
:	?


Substitution rate (mu): 39.333567

Equilibrium frequencies (pi_i):
  A: 0.0122
  B: 0.0123
  C: 0.0121
  D: 0.012
  E: 0.0127
  F: 0.0122
  G: 0.0124
  H: 0.0123
  I: 0.0125
  J: 0.0124
  K: 0.0121
  L: 0.0118
  M: 0.0123
  N: 0.0122
  O: 0.0124
  P: 0.0124
  Q: 0.0124
  R: 0.0124
  S: 0.0124
  T: 0.0121
  U: 0.0126
  V: 0.0124
  W: 0.0125
  X: 0.0124
  Y: 0.0123
  Z: 0.0123
  [: 0.0124
  \: 0.0123
  ]: 0.0121
  ^: 0.0119
  _: 0.0124
  `: 0.0124
  a: 0.0124
  b: 0.0125
  c: 0.0121
  d: 0.0124
  e: 0.0123
  f: 0.0124
  g: 0.0124
  h: 0.0124
  i: 0.0124
  j: 0.0124
  k: 0.0124
  l: 0.012
  m: 0.0124
  n: 0.0124
  o: 0.0127
  p: 0.0124
  q: 0.0125
  r: 0.0123
  s: 0.0125
  t: 0.0122
  u: 0.0124
  v: 0.0123
  w: 0.0115
  x: 0.0125
  y: 0.0124
  z: 0.0124
  {: 0.0126
  |: 0.0124
  }: 0.0126
  ~: 0.0121
  : 0.0121
  : 0.0125
  : 0.0125
  : 0.0123
  : 0.0123
  : 0.0125
  : 0.0124
  : 0.0125
  : 0.0124
  : 0.0124
  : 0.0127
  : 0.0123
  : 0.0123
  : 0.0127
  : 0.0124
  : 0.0122
  : 0.0122
  : 0.0123
  : 0.0124

Symmetrized rates from j->i (W_ij):
	A	B	C	D	E	F	G	H	I	J	K	L	M	N	O	P	Q	R	S	T	U	V	W	X	Y	Z	[	\	]	^	_	`	a	b	c	d	e	f	g	h	i	j	k	l	m	n	o	p	q	r	s	t	u	v	w	x	y	z	{	|	}	~																			
  A	0	0.9975	0.9957	0.9953	1.1048	1.3924	1.034	0.9965	0.9956	0.9953	0.997	0.9953	0.998	0.9951	0.9971	0.9952	0.9952	0.9951	0.9955	0.998	0.9963	0.9951	0.9964	0.9961	0.997	0.9961	0.9949	0.9952	0.9983	0.9998	0.9954	0.9951	0.9964	0.9966	0.9968	0.9952	0.9948	0.9959	0.995	0.9949	0.9951	0.9952	0.9951	0.9988	0.9951	0.9954	1.0515	0.9952	0.9951	0.9951	0.9952	0.9958	0.9954	0.9951	0.9959	0.9963	0.9952	0.9952	0.9954	0.995	0.9951	0.9949	0.995	0.9949	0.9962	0.9951	0.9969	0.9951	0.9951	0.995	0.9951	0.9951	0.9955	0.9951	0.9956	0.9955	0.996	0.995	0.9947	0.9958	0.9958
  B	0.9975	0	0.9935	0.9935	1.1825	1.1066	1.0325	0.9947	0.9932	0.9929	0.9947	0.9931	0.9957	0.9928	0.9948	0.9928	0.9928	0.9927	0.9932	0.9957	0.9939	0.9928	0.9939	0.9937	0.9947	0.9938	0.9925	0.9928	0.996	0.9975	0.993	0.9927	0.994	0.9942	0.9945	0.9928	0.9924	0.9935	0.9926	0.9926	0.9928	0.9928	0.9928	0.9966	0.9927	0.993	1.0493	0.9928	0.9927	0.9927	0.9928	0.9934	0.993	0.9927	0.9937	0.9939	0.9928	0.9928	0.993	0.9926	0.9926	0.9926	0.993	0.9925	0.9938	0.9928	0.9946	0.9927	0.9927	0.9926	0.9927	0.9927	0.9931	0.9927	0.9932	0.9931	0.9936	0.9926	0.9923	0.9934	0.9935
  C	0.9957	0.9935	0	0.9913	1.467	1.0383	1.0334	0.9924	0.9915	0.9912	0.993	0.9914	0.994	0.9911	0.993	0.9912	0.9911	0.991	0.9915	0.994	0.9922	0.9911	0.9922	0.9921	0.993	0.9921	0.9908	0.9912	0.9944	0.9959	0.9913	0.9911	0.9923	0.9925	0.9928	0.9912	0.9907	0.9919	0.9909	0.9909	0.9911	0.9912	0.9911	0.9995	0.991	0.9913	1.0469	0.9911	0.991	0.991	0.9911	0.9917	0.9913	0.9911	0.9921	0.9922	0.9911	0.9911	0.9913	0.991	0.9909	0.9909	0.991	0.9908	0.9921	0.9911	0.9929	0.991	0.991	0.9909	0.991	0.991	0.9914	0.991	0.9915	0.9914	0.9919	0.991	0.9907	0.9917	0.9918
  D	0.9953	0.9935	0.9913	0	1.5331	1.5143	1.0287	0.992	0.9911	0.9908	0.9926	0.9911	0.9935	0.9907	0.9926	0.9908	0.9907	0.9906	0.9911	0.9936	0.9918	0.9907	0.9918	0.9916	0.9926	0.9917	0.9904	0.9908	0.9939	0.9954	0.9909	0.9907	0.9919	0.992	0.9924	0.9908	0.9903	0.9914	0.9906	0.9905	0.9907	0.9907	0.9907	0.9944	0.9906	0.9909	1.0457	0.9907	0.9906	0.9907	0.9907	0.9913	0.9909	0.9907	0.9917	0.9918	0.9907	0.9907	0.9909	0.9906	0.9905	0.9906	0.9907	0.9904	0.9917	0.9907	0.9925	0.9906	0.9906	0.9905	0.9906	0.9906	0.991	0.9906	0.9911	0.991	0.9915	0.9906	0.9903	0.9913	0.9913
  E	1.1048	1.1825	1.467	1.5331	0	1.104	1.0822	1.0306	1.03	1.4606	1.031	1.0279	1.0322	1.0286	1.0317	1.0293	1.0294	1.0293	1.0298	1.0316	1.0328	1.0294	1.0374	1.0305	1.031	1.0302	1.0292	1.0292	1.0323	1.0332	1.0296	1.0292	1.0306	1.0312	1.0305	1.0293	1.0284	1.0313	1.0292	1.029	1.0293	1.0294	1.0293	1.0577	1.0292	1.0297	1.0943	1.0293	1.0295	1.029	1.0297	1.0295	1.0296	1.0291	1.0321	1.0309	1.0294	1.0296	1.03	1.0293	1.0297	1.0283	1.9923	1.0292	1.0381	1.5337	1.0331	1.0295	1.0291	1.0294	1.0292	1.0293	1.0311	1.029	1.5349	1.0305	1.0301	1.0286	1.0283	1.0297	1.0302
  F	1.3924	1.1066	1.0383	1.5143	1.104	0	1.5784	1.0164	1.0157	1.0878	1.0167	1.0144	1.018	1.0147	1.0174	1.0151	1.0152	1.015	1.0155	1.0176	1.0171	1.0152	1.0183	1.0172	1.0169	1.016	1.0149	1.0151	1.0184	1.0214	1.0169	1.015	1.0164	1.0168	1.0167	1.0151	1.486	1.0164	1.015	1.0148	1.0151	1.0153	1.0151	1.0232	1.015	1.0154	1.0738	1.0151	1.0152	1.0149	1.0154	1.0155	1.0153	1.0149	1.3529	1.0165	1.0151	1.2686	1.0156	1.0151	1.0153	1.1777	1.0247	1.0149	1.0199	1.0152	1.0181	1.0152	1.0149	1.0151	1.015	1.015	1.0166	1.0149	1.0155	1.016	1.0158	1.0147	1.0144	1.5181	1.016
  G	1.034	1.0325	1.0334	1.0287	1.0822	1.5784	0	1.031	1.0304	1.0325	1.033	1.0296	1.0344	1.029	1.0361	1.0298	1.0298	1.0297	1.0302	1.0319	1.0315	1.0298	1.0311	1.031	1.0314	1.0307	1.0296	1.0298	1.1493	1.0374	1.0301	1.0297	1.0311	1.0316	1.0357	1.0297	1.0586	1.0306	1.0298	1.0295	1.0298	1.0299	1.0298	1.8262	1.0297	1.0301	1.0912	1.0297	1.0299	1.0294	1.0302	1.03	1.03	1.0296	1.1636	1.0314	1.0298	1.2552	1.0304	1.0297	1.0301	1.3418	1.029	1.0296	1.0366	1.0299	1.0318	1.0299	1.0295	1.0298	1.0296	1.0296	1.031	1.0294	1.03	1.0311	1.0306	1.5349	1.5328	1.0307	1.5367
  H	0.9965	0.9947	0.9924	0.992	1.0306	1.0164	1.031	0	0.9922	0.9919	0.9938	0.9922	0.9948	0.9919	0.9938	0.9919	0.9918	0.9917	0.9922	0.9948	0.993	0.9918	0.9929	0.9928	0.9938	0.9928	0.9916	0.9919	0.9951	0.9967	0.9921	0.9918	0.9931	1.5005	0.9936	0.9939	0.9915	0.9925	0.9917	0.9916	0.9918	0.9919	0.9918	0.9955	0.9918	0.992	1.0487	0.9919	0.9918	0.9918	0.9919	0.9925	0.9921	0.9918	0.9928	0.993	0.9919	0.9919	0.992	0.9917	0.9917	0.9917	0.9917	0.9916	0.9928	0.9918	0.9937	0.9975	0.9918	0.994	0.9918	0.9917	0.9922	0.9918	0.9922	0.9921	0.9934	0.9918	0.9914	0.9924	1.0232
  I	0.9956	0.9932	0.9915	0.9911	1.03	1.0157	1.0304	0.9922	0	0.9909	0.997	0.9913	0.9939	0.991	0.9929	1.3549	0.9909	0.9908	0.9913	0.9946	0.9925	0.9909	0.9931	0.9922	1.4792	0.9919	0.9906	0.991	0.9943	0.9959	0.9928	0.9909	0.9922	0.9923	1.0206	0.9909	0.9905	0.9916	0.9907	0.9907	0.9909	0.9909	0.9909	0.9952	0.9908	0.9911	1.1201	0.9909	0.9908	0.9909	0.9909	0.9916	0.9911	0.9909	0.9943	0.992	0.9909	0.9909	0.9911	0.9907	0.9907	0.9908	0.9908	0.9906	0.9918	0.9908	0.9928	0.9908	0.9908	0.9907	0.9908	0.9908	0.9917	1.1241	0.9913	0.9912	0.9917	0.9908	0.9905	0.9915	0.9915
  J	0.9953	0.9929	0.9912	0.9908	1.4606	1.0878	1.0325	0.9919	0.9909	0	0.9942	1.2284	0.9935	0.9906	0.993	0.9906	0.9905	0.9938	1.4882	1.4817	0.992	0.9905	0.9916	0.9915	0.9925	0.9926	0.9903	0.9906	0.9946	0.9955	0.9908	0.9907	0.9922	0.9919	0.9925	0.9906	0.9902	0.9912	0.9904	0.9903	0.9905	0.9906	0.9905	0.9944	0.9905	0.9907	1.0498	0.9906	0.9905	0.9905	0.9925	0.9912	0.9908	0.9905	0.9917	0.9917	0.9906	1.1332	0.9907	0.9904	0.9904	0.9905	0.9905	0.9903	0.9915	0.9906	0.9927	0.9905	0.9905	0.9904	0.9905	0.9904	0.9908	0.9905	0.991	0.9908	0.9914	0.9905	0.9902	0.9912	0.9912
  K	0.997	0.9947	0.993	0.9926	1.031	1.0167	1.033	0.9938	0.997	0.9942	0	0.9928	0.9955	0.9998	0.9945	0.9925	1.0711	0.9924	1.0013	0.9993	0.9966	1.0691	1.0722	1.0734	1.4709	0.9934	0.9922	0.9925	0.9957	0.9972	0.9949	0.9925	0.9937	0.9938	1.4456	0.9925	0.992	0.9931	0.9923	0.9922	0.9924	0.9925	0.9924	0.9967	0.9924	0.9926	1.5397	0.9925	0.9924	0.9924	0.9925	0.9931	0.9926	0.9924	0.9937	0.9936	0.9925	0.9925	0.9926	0.9923	1.4711	0.9923	0.9923	0.9922	0.9936	0.9924	0.9943	0.9924	0.9924	0.9923	0.9924	0.9923	0.9935	0.9924	0.9929	0.9928	0.9933	0.9923	0.992	0.993	0.9931
  L	0.9953	0.9931	0.9914	0.9911	1.0279	1.0144	1.0296	0.9922	0.9913	1.2284	0.9928	0	0.9938	0.991	0.9928	0.991	0.9909	0.9908	0.9913	0.9938	0.9919	0.9909	0.9919	0.9918	0.9927	0.9919	0.9906	0.991	0.9965	0.9957	0.9911	0.9909	0.9922	0.9922	0.9929	0.9909	0.9905	0.9915	0.9907	0.9907	0.9908	0.9909	0.9908	0.9949	0.9908	0.9911	2.0289	0.991	0.9909	0.9909	0.9909	0.9916	0.9911	0.9909	0.992	0.9921	0.9909	1.3338	0.9911	0.9908	0.9907	0.9909	0.9908	0.9906	0.9918	0.9909	0.9929	0.9908	0.9908	0.9907	0.9908	0.9908	0.9913	0.9909	0.9915	0.9913	0.9917	0.9908	0.9905	0.9915	0.9915
  M	0.998	0.9957	0.994	0.9935	1.0322	1.018	1.0344	0.9948	0.9939	0.9935	0.9955	0.9938	0	0.9935	0.9954	0.9936	0.9934	0.9933	0.9938	0.9964	0.9946	0.9934	0.9945	0.9944	0.9953	0.9945	0.9932	0.9936	1.1868	0.9985	0.9936	0.9935	0.9948	0.9948	1.44	0.9935	0.993	0.9941	0.9956	0.9932	0.9934	0.9935	0.9934	0.9974	0.9934	0.9937	1.1812	0.9935	0.9934	0.9934	0.9935	1.0504	0.9937	0.9935	0.9971	0.9997	0.9949	0.9935	0.995	0.9933	0.9933	0.996	0.9934	0.9932	1.0159	0.9934	1.0094	0.9934	0.9934	0.9933	0.9954	0.9934	0.9939	0.9934	0.994	0.9959	0.9943	0.9933	0.993	0.994	0.9941
  N	0.9951	0.9928	0.9911	0.9907	1.0286	1.0147	1.029	0.9919	0.991	0.9906	0.9998	0.991	0.9935	0	0.9925	0.9906	0.9907	0.9904	0.9909	0.9935	0.9916	0.9907	0.9918	0.9917	0.9924	0.9916	0.9904	0.9909	0.9939	1.4659	0.9907	0.9907	0.9918	0.9919	0.9924	0.9906	0.9902	0.9912	0.9904	0.9903	0.9905	0.9906	0.9905	0.9944	0.9905	0.9907	1.581	0.9906	0.9905	0.9906	0.9906	0.9912	0.9908	0.9906	0.9916	0.9917	0.9906	0.9905	0.9907	0.9904	0.9981	0.9922	0.9905	0.9903	0.9915	0.9905	0.9925	0.9905	0.9905	0.9904	0.9905	0.9904	0.9909	0.9911	0.991	0.9909	0.9914	0.9904	0.9901	0.9911	0.9912
  O	0.9971	0.9948	0.993	0.9926	1.0317	1.0174	1.0361	0.9938	0.9929	0.993	0.9945	0.9928	0.9954	0.9925	0	0.9925	0.9925	0.9927	0.9933	1.0342	0.9938	0.9925	0.9936	0.9934	0.9944	1.1457	0.9922	0.9925	0.9958	0.9973	0.9927	0.9925	1.3523	0.9939	0.9944	0.9925	0.9921	0.9932	0.9923	0.9923	0.9924	0.9925	0.9924	0.9964	0.9924	0.9927	1.0503	0.9925	0.9924	0.9925	1.0447	0.9931	0.9927	0.9924	0.9935	0.9936	0.9925	1.029	0.9927	0.9924	0.9923	0.9923	0.9923	0.9922	0.9935	1.0221	0.9945	0.9924	0.9924	0.9923	0.9924	0.9924	0.9928	0.9924	0.9929	0.9928	0.9934	0.9924	0.9921	0.9931	0.9932
  P	0.9952	0.9928	0.9912	0.9908	1.0293	1.0151	1.0298	0.9919	1.3549	0.9906	0.9925	0.991	0.9936	0.9906	0.9925	0	0.9905	0.9904	0.9909	0.9936	0.9917	0.9905	0.9916	0.9915	0.9925	0.9916	0.9903	0.9907	0.9939	0.9956	0.9908	0.9905	0.9919	0.9919	1.0104	0.9906	0.9902	0.9913	0.9904	0.9903	0.9905	0.9906	0.9905	0.9944	0.9905	0.9908	1.1269	0.9906	0.9905	0.9906	0.9906	0.9913	0.9908	0.9906	0.9933	0.9917	0.9906	0.9905	0.9907	0.9904	0.9904	0.9905	0.9905	0.9903	0.9915	0.9905	0.9925	0.9905	0.9905	0.9904	0.9905	0.9905	0.9909	1.0675	0.991	0.9909	0.9914	0.9905	0.9901	0.9912	0.9912
  Q	0.9952	0.9928	0.9911	0.9907	1.0294	1.0152	1.0298	0.9918	0.9909	0.9905	1.0711	0.9909	0.9934	0.9907	0.9925	0.9905	0	0.9904	0.9922	0.9935	0.9916	1.0624	1.065	1.2854	0.9925	0.9915	0.9902	0.9906	0.9938	0.9953	0.9907	0.9904	0.9918	0.9919	0.9923	0.9905	0.9901	0.9912	0.9903	0.9903	0.9904	0.9905	0.9904	0.9943	0.9904	0.9907	1.048	0.9905	0.9904	0.9904	0.9905	0.9911	0.9907	0.9904	0.9916	0.9916	0.9905	0.9905	0.9907	0.9903	0.9905	0.9903	0.9904	0.9902	0.9915	0.9904	0.9923	0.9904	0.9904	0.9903	0.9904	0.9904	0.9908	0.9904	0.9909	0.9907	0.9913	0.9904	0.9901	0.9911	0.9911
  R	0.9951	0.9927	0.991	0.9906	1.0293	1.015	1.0297	0.9917	0.9908	0.9938	0.9924	0.9908	0.9933	0.9904	0.9927	0.9904	0.9904	0	1.2719	1.1637	0.9918	0.9904	0.9914	0.9913	0.9923	0.9921	0.9901	0.9905	0.9937	0.9953	0.9906	0.9905	0.9919	0.9918	0.9923	0.9904	0.99	0.9911	0.9902	0.9902	0.9903	0.9904	0.9903	0.9941	0.9903	0.9906	1.0479	0.9904	0.9903	0.9903	0.9915	0.991	0.9906	0.9903	0.9914	0.9915	0.9904	0.9904	0.9906	0.9902	0.9902	0.9902	0.9903	0.9901	0.9913	0.9903	0.9924	0.9903	0.9903	0.9902	0.9903	0.9903	0.9907	0.9903	0.9908	0.9906	0.9912	0.9903	0.99	0.991	0.991
  S	0.9955	0.9932	0.9915	0.9911	1.0298	1.0155	1.0302	0.9922	0.9913	1.4882	1.0013	0.9913	0.9938	0.9909	0.9933	0.9909	0.9922	1.2719	0	1.1644	0.9923	0.9921	0.9933	0.9932	0.9928	0.9928	0.9906	0.991	0.9942	0.9957	0.9911	0.991	0.9925	0.9923	0.9928	0.9909	0.9905	0.9916	0.9907	0.9907	0.9908	0.9909	0.9908	0.9946	0.9908	0.9911	1.058	0.9909	0.9908	0.9908	0.9923	0.9915	0.9911	0.9908	0.9919	0.992	0.9909	0.9909	0.9911	0.9907	0.9953	0.9907	0.9908	0.9906	0.9918	0.9908	0.9929	0.9908	0.9908	0.9907	0.9908	0.9908	0.9912	0.9908	0.9913	0.9911	0.9917	0.9908	0.9905	0.9915	0.9915
  T	0.998	0.9957	0.994	0.9936	1.0316	1.0176	1.0319	0.9948	0.9946	1.4817	0.9993	0.9938	0.9964	0.9935	1.0342	0.9936	0.9935	1.1637	1.1644	0	1.4895	0.9935	0.9948	0.9945	1.1304	1.1183	0.9932	0.9936	0.9968	0.9982	0.9941	1.0325	1.0376	0.9949	1.0399	0.9935	0.9931	0.9943	0.9933	0.9933	0.9935	0.9935	0.9935	0.9973	0.9934	0.9937	1.3399	0.9936	0.9935	0.9935	1.297	0.9941	0.9937	0.9935	0.9944	0.9946	0.9935	0.9936	0.9937	0.9934	0.9934	0.9933	0.9933	0.9932	0.9945	0.9935	1.14	0.9934	0.9934	0.9933	0.9934	0.9934	0.994	0.9934	0.9939	0.9939	1.0039	0.9934	0.993	0.9941	0.9942
  U	0.9963	0.9939	0.9922	0.9918	1.0328	1.0171	1.0315	0.993	0.9925	0.992	0.9966	0.9919	0.9946	0.9916	0.9938	0.9917	0.9916	0.9918	0.9923	1.4895	0	0.9916	0.9929	0.9927	1.483	0.9931	0.9913	0.9917	0.9951	0.9965	0.9921	0.9923	0.993	0.993	0.994	0.9916	0.9912	1.0648	0.9914	0.9914	0.9916	0.9917	0.9916	1.0143	0.9916	0.9918	1.053	0.9916	0.9915	0.9915	0.9923	0.9923	0.9919	0.9915	0.9926	0.9927	0.9916	0.9916	0.9918	0.9915	0.9914	0.9914	0.9915	0.9914	0.9926	0.9916	1.4037	0.9915	0.9915	0.9914	0.9915	0.9915	0.9921	0.9915	0.9922	0.992	0.9925	0.9915	0.9912	0.9922	0.9923
  V	0.9951	0.9928	0.9911	0.9907	1.0294	1.0152	1.0298	0.9918	0.9909	0.9905	1.0691	0.9909	0.9934	0.9907	0.9925	0.9905	1.0624	0.9904	0.9921	0.9935	0.9916	0	1.2911	1.0645	0.9925	0.9915	0.9902	0.9905	0.9938	0.9953	0.9907	0.9904	0.9917	0.9919	0.9923	0.9905	0.9901	0.9912	0.9903	0.9902	0.9904	0.9905	0.9904	0.9942	0.9904	0.9906	1.0479	0.9905	0.9904	0.9904	0.9905	0.9911	0.9907	0.9904	0.9915	0.9916	0.9905	0.9904	0.9906	0.9903	0.9905	0.9903	0.9904	0.9902	0.9917	0.9904	0.9923	0.9904	0.9904	0.9903	0.9904	0.9904	0.9908	0.9904	0.9909	0.9907	0.9913	0.9904	0.9901	0.9911	0.9911
  W	0.9964	0.9939	0.9922	0.9918	1.0374	1.0183	1.0311	0.9929	0.9931	0.9916	1.0722	0.9919	0.9945	0.9918	0.9936	0.9916	1.065	0.9914	0.9933	0.9948	0.9929	1.2911	0	1.0713	1.0346	0.9926	0.9913	0.9916	0.9951	0.9964	1.1852	0.9915	0.9928	0.993	0.9934	0.9916	0.9912	0.9923	0.9914	0.9914	0.9916	0.992	0.9916	1.0016	0.9915	0.9917	1.0495	0.9916	0.9915	0.9915	0.9916	0.9922	0.9918	0.9915	0.9972	0.9927	0.9916	0.9916	0.9918	0.9914	0.9916	0.9914	0.9915	0.9913	1.3763	0.9916	0.9934	0.9915	0.9915	0.9914	0.9915	0.9914	1.3462	0.9915	0.9922	0.9918	0.9924	0.9914	0.9911	0.9922	0.9924
  X	0.9961	0.9937	0.9921	0.9916	1.0305	1.0172	1.031	0.9928	0.9922	0.9915	1.0734	0.9918	0.9944	0.9917	0.9934	0.9915	1.2854	0.9913	0.9932	0.9945	0.9927	1.0645	1.0713	0	1.0081	0.9924	0.9912	0.9916	0.999	0.9963	1.0034	0.9914	0.9927	0.9928	0.9933	0.9915	0.991	0.9923	0.9913	0.9922	0.9924	0.997	0.9924	1.0783	0.9921	0.9916	1.0494	0.9915	0.9914	0.9914	0.9915	0.9921	0.9917	0.9914	1.3318	0.9926	0.9914	0.9915	0.9916	0.9913	0.9915	0.9913	0.9914	0.9912	0.9926	0.9914	0.9933	0.9914	0.9914	0.9913	0.9914	0.9913	0.9953	0.9914	0.9918	0.9917	0.9923	0.9913	0.991	0.9921	0.9942
  Y	0.997	0.9947	0.993	0.9926	1.031	1.0169	1.0314	0.9938	1.4792	0.9925	1.4709	0.9927	0.9953	0.9924	0.9944	0.9925	0.9925	0.9923	0.9928	1.1304	1.483	0.9925	1.0346	1.0081	0	0.9935	0.9922	0.9925	0.9963	0.9972	1.111	0.9924	0.9937	0.9938	0.9942	0.9925	0.992	0.9933	0.9923	0.9924	0.9926	0.994	0.9926	0.9965	0.9925	0.9926	1.0491	0.9925	0.9924	0.9924	0.9925	0.9931	0.9926	0.9924	1.0103	0.9935	0.9924	0.9924	0.9926	0.9923	0.9923	0.9922	0.9923	0.9922	0.9936	0.9924	0.9944	0.9923	0.9923	0.9923	0.9924	0.9923	1.0455	0.9924	0.9928	0.9927	0.9933	0.9923	0.992	0.993	0.9937
  Z	0.9961	0.9938	0.9921	0.9917	1.0302	1.016	1.0307	0.9928	0.9919	0.9926	0.9934	0.9919	0.9945	0.9916	1.1457	0.9916	0.9915	0.9921	0.9928	1.1183	0.9931	0.9915	0.9926	0.9924	0.9935	0	0.9912	0.9916	0.9949	0.9965	0.9917	0.9917	1.1002	0.9929	0.9936	0.9916	0.9911	0.9922	0.9914	0.9913	0.9915	0.9915	0.9915	0.9953	0.9914	0.9917	1.2602	0.9916	0.9915	0.9916	1.0697	0.9922	0.9917	0.9915	0.9925	0.9927	1.0111	0.9915	0.9917	0.9914	0.9914	0.9914	0.9914	0.9912	0.9924	0.9915	0.9938	0.9914	0.9914	0.9913	0.9915	0.9914	1.0061	0.9915	0.992	0.9919	0.9924	0.9914	0.9911	0.9921	0.9921
  [	0.9949	0.9925	0.9908	0.9904	1.0292	1.0149	1.0296	0.9916	0.9906	0.9903	0.9922	0.9906	0.9932	0.9904	0.9922	0.9903	0.9902	0.9901	0.9906	0.9932	0.9913	0.9902	0.9913	0.9912	0.9922	0.9912	0	0.994	0.9936	1.4729	0.9904	0.9934	0.9915	0.9916	0.992	0.9903	0.9898	0.9909	0.9901	0.99	0.9902	0.9903	0.9902	0.994	0.9902	0.9904	1.0587	0.9903	0.9902	0.9902	0.9902	0.9909	0.9905	0.9902	0.9913	0.9913	0.9902	0.9902	0.9904	0.9901	0.9901	0.9907	0.9901	0.99	0.9912	0.9902	0.9921	0.9901	0.9902	0.9901	0.9902	0.9901	0.9905	0.9902	0.9906	0.9905	0.9911	0.9901	0.9898	0.9908	0.9909
  \	0.9952	0.9928	0.9912	0.9908	1.0292	1.0151	1.0298	0.9919	0.991	0.9906	0.9925	0.991	0.9936	0.9909	0.9925	0.9907	0.9906	0.9905	0.991	0.9936	0.9917	0.9905	0.9916	0.9916	0.9925	0.9916	0.994	0	0.9942	1.1207	0.9908	1.3132	0.9919	0.9919	0.9925	0.9906	0.9902	0.9914	0.9904	0.9904	0.9906	0.9907	0.9906	1.4502	0.9906	0.9908	1.0606	0.9907	0.9906	0.9906	0.9906	0.9913	0.9908	0.9906	0.9917	0.9918	0.9906	0.9906	0.9908	0.9905	0.9904	0.9914	0.9905	0.9903	0.9915	0.9905	0.9927	0.9905	0.9905	0.9904	0.9905	0.9905	0.9909	0.9906	0.991	0.9909	0.9914	0.9905	0.9902	0.9912	0.9913
  ]	0.9983	0.996	0.9944	0.9939	1.0323	1.0184	1.1493	0.9951	0.9943	0.9946	0.9957	0.9965	1.1868	0.9939	0.9958	0.9939	0.9938	0.9937	0.9942	0.9968	0.9951	0.9938	0.9951	0.999	0.9963	0.9949	0.9936	0.9942	0	1.5683	0.9945	0.9939	0.9952	0.9952	1.0017	0.9939	0.9934	0.9947	0.9936	0.9958	0.9945	1.165	0.9945	1.0871	0.9943	0.9941	1.5794	0.9939	0.9938	0.994	0.9938	1.0276	0.9941	0.9939	0.9977	0.9976	0.9945	0.9939	0.9946	0.9941	0.9937	1.2543	0.9937	0.9936	0.9947	0.9939	1.0217	0.9937	0.9937	0.9937	0.9947	0.9938	0.9945	0.9939	0.9945	0.9957	0.9948	0.9938	0.9934	1.0074	1.3337
  ^	0.9998	0.9975	0.9959	0.9954	1.0332	1.0214	1.0374	0.9967	0.9959	0.9955	0.9972	0.9957	0.9985	1.4659	0.9973	0.9956	0.9953	0.9953	0.9957	0.9982	0.9965	0.9953	0.9964	0.9963	0.9972	0.9965	1.4729	1.1207	1.5683	0	0.9956	1.1176	0.997	0.9967	0.9974	0.9954	0.995	0.9961	0.9952	0.9952	0.9953	0.9955	0.9953	1.0043	0.9953	0.9956	1.7552	0.9955	0.9954	0.996	0.9954	0.9962	0.9956	0.9954	0.9963	0.9967	0.9955	0.9954	0.9956	0.9957	0.9953	1.5427	0.9953	0.9951	0.9963	0.9953	1.0682	0.9953	0.9953	0.9952	0.9953	0.9953	0.996	0.9959	0.996	0.9962	0.9962	0.9953	0.9949	1.0093	0.9961
  _	0.9954	0.993	0.9913	0.9909	1.0296	1.0169	1.0301	0.9921	0.9928	0.9908	0.9949	0.9911	0.9936	0.9907	0.9927	0.9908	0.9907	0.9906	0.9911	0.9941	0.9921	0.9907	1.1852	1.0034	1.111	0.9917	0.9904	0.9908	0.9945	0.9956	0	0.9907	0.992	0.9921	0.9925	0.9908	0.9903	0.9914	0.9905	0.9906	0.9908	0.9912	0.9908	1.0122	0.9907	0.9909	1.0478	0.9907	0.9906	0.9906	0.9907	0.9914	0.9909	0.9907	0.9961	0.9918	0.9907	0.9907	0.9909	0.9906	0.9905	0.9905	0.9906	0.9904	0.9919	0.9906	0.9925	0.9906	0.9906	0.9905	0.9906	0.9906	1.0573	0.9906	0.9911	0.991	0.9916	0.9906	0.9903	0.9913	0.9915
  `	0.9951	0.9927	0.9911	0.9907	1.0292	1.015	1.0297	0.9918	0.9909	0.9907	0.9925	0.9909	0.9935	0.9907	0.9925	0.9905	0.9904	0.9905	0.991	1.0325	0.9923	0.9904	0.9915	0.9914	0.9924	0.9917	0.9934	1.3132	0.9939	1.1176	0.9907	0	0.9918	0.9918	1.3676	0.9905	0.9901	0.9912	0.9903	0.9902	0.9904	0.9905	0.9904	0.9943	0.9904	0.9906	1.1339	0.9905	0.9904	0.9904	0.9908	0.9912	0.9907	0.9904	0.9915	0.9916	0.9905	0.9904	0.9906	0.9903	0.9903	0.9911	0.9904	0.9902	0.9914	0.9904	1.1566	0.9904	0.9904	0.9903	0.9904	0.9904	0.9908	0.9905	0.9909	0.9908	0.9913	0.9903	0.99	0.9911	0.9911
  a	0.9964	0.994	0.9923	0.9919	1.0306	1.0164	1.0311	0.9931	0.9922	0.9922	0.9937	0.9922	0.9948	0.9918	1.3523	0.9919	0.9918	0.9919	0.9925	1.0376	0.993	0.9917	0.9928	0.9927	0.9937	1.1002	0.9915	0.9919	0.9952	0.997	0.992	0.9918	0	0.9932	0.9937	0.9918	0.9914	0.9925	0.9916	0.9915	0.9917	0.9918	0.9917	0.9956	0.9917	0.992	1.1759	0.9918	0.9918	1.1275	1.0215	0.9925	0.992	0.9919	0.9928	0.993	0.9918	0.9918	0.992	0.9917	0.9916	0.9917	0.9917	0.9915	0.9927	0.9918	0.994	0.9917	0.9917	0.9916	0.9918	0.9917	0.9922	0.9918	0.9922	1.0079	0.9926	0.9916	0.9913	0.9924	0.9924
  b	0.9966	0.9942	0.9925	0.992	1.0312	1.0168	1.0316	1.5005	0.9923	0.9919	0.9938	0.9922	0.9948	0.9919	0.9939	0.9919	0.9919	0.9918	0.9923	0.9949	0.993	0.9919	0.993	0.9928	0.9938	0.9929	0.9916	0.9919	0.9952	0.9967	0.9921	0.9918	0.9932	0	0.9936	1.0936	0.9915	0.9926	0.9917	0.9916	0.9918	0.9919	0.9918	0.9956	0.9918	0.9921	1.0495	0.9919	0.9918	0.9918	0.9919	0.9925	0.9921	0.9918	0.9928	0.993	0.9919	0.9919	0.9921	0.9917	0.9917	0.9917	0.9917	0.9916	0.9928	0.9918	0.9937	1.1528	0.9918	1.0581	0.9918	0.9918	0.9922	0.9918	0.9923	0.9922	0.9976	0.9918	0.9915	0.9925	1.1612
  c	0.9968	0.9945	0.9928	0.9924	1.0305	1.0167	1.0357	0.9936	1.0206	0.9925	1.4456	0.9929	1.44	0.9924	0.9944	1.0104	0.9923	0.9923	0.9928	1.0399	0.994	0.9923	0.9934	0.9933	0.9942	0.9936	0.992	0.9925	1.0017	0.9974	0.9925	1.3676	0.9937	0.9936	0	0.9923	0.9919	0.9929	0.9921	0.992	0.9922	0.9923	0.9922	0.9964	0.9922	0.9925	1.9843	0.9924	0.9923	0.9924	0.9926	0.9931	0.9925	1.0023	0.9998	0.9935	0.9924	0.9923	0.9925	0.9921	0.9922	0.9922	0.9922	0.992	0.9932	0.9922	1.105	0.9922	0.9922	0.9921	0.9922	0.9922	0.9928	1.0147	0.9929	0.9997	0.9931	0.9922	0.9919	0.9928	0.9929
  d	0.9952	0.9928	0.9912	0.9908	1.0293	1.0151	1.0297	0.9939	0.9909	0.9906	0.9925	0.9909	0.9935	0.9906	0.9925	0.9906	0.9905	0.9904	0.9909	0.9935	0.9916	0.9905	0.9916	0.9915	0.9925	0.9916	0.9903	0.9906	0.9939	0.9954	0.9908	0.9905	0.9918	1.0936	0.9923	0	0.9902	0.9913	0.9904	0.9903	0.9905	0.9906	0.9905	0.9943	0.9905	0.9907	1.0474	0.9906	0.9905	0.9905	0.9906	0.9912	0.9908	0.9905	0.9916	0.9917	0.9906	0.9905	0.9907	0.9904	0.9904	0.9904	0.9905	0.9903	0.9915	0.9905	0.9924	1.1913	0.9905	1.3546	0.9905	0.9904	0.9908	0.9905	0.991	0.9908	0.9923	0.9905	0.9902	0.9912	1.0271
  e	0.9948	0.9924	0.9907	0.9903	1.0284	1.486	1.0586	0.9915	0.9905	0.9902	0.992	0.9905	0.993	0.9902	0.9921	0.9902	0.9901	0.99	0.9905	0.9931	0.9912	0.9901	0.9912	0.991	0.992	0.9911	0.9898	0.9902	0.9934	0.995	0.9903	0.9901	0.9914	0.9915	0.9919	0.9902	0	0.9908	0.99	0.9899	0.9901	0.9901	0.9901	0.9938	0.99	0.9903	1.0463	0.9901	0.99	0.9901	0.9901	0.9908	0.9903	0.9901	0.9912	0.9912	0.9901	0.9901	0.9903	0.99	0.9899	0.99	0.99	0.9898	0.991	0.9901	0.9919	0.99	0.99	0.9899	0.99	0.99	0.9904	0.99	0.9905	0.9903	0.9909	0.99	0.9897	0.9907	0.9907
  f	0.9959	0.9935	0.9919	0.9914	1.0313	1.0164	1.0306	0.9925	0.9916	0.9912	0.9931	0.9915	0.9941	0.9912	0.9932	0.9913	0.9912	0.9911	0.9916	0.9943	1.0648	0.9912	0.9923	0.9923	0.9933	0.9922	0.9909	0.9914	0.9947	0.9961	0.9914	0.9912	0.9925	0.9926	0.9929	0.9913	0.9908	0	0.991	0.9911	0.9913	0.9913	0.9913	1.1623	0.9913	0.9914	1.0485	0.9913	0.9912	0.9911	0.9912	0.9919	0.9914	0.9911	0.9922	0.9924	0.9912	0.9912	0.9914	0.9911	0.991	0.991	0.9911	0.991	0.9921	0.9912	1.022	0.9911	0.9911	0.991	0.9911	0.9911	0.9915	0.9911	0.9916	0.9915	0.992	0.9911	0.9908	0.9918	0.9919
  g	0.995	0.9926	0.9909	0.9906	1.0292	1.015	1.0298	0.9917	0.9907	0.9904	0.9923	0.9907	0.9956	0.9904	0.9923	0.9904	0.9903	0.9902	0.9907	0.9933	0.9914	0.9903	0.9914	0.9913	0.9923	0.9914	0.9901	0.9904	0.9936	0.9952	0.9905	0.9903	0.9916	0.9917	0.9921	0.9904	0.99	0.991	0	0.9901	0.9903	0.9904	0.9903	0.9941	0.9903	0.9905	1.0519	0.9904	0.9903	0.9903	0.9903	0.991	0.9906	0.9903	1.4708	0.9914	0.9903	0.9903	0.9905	0.9902	0.9902	0.9904	0.9904	0.9901	0.9963	0.9903	0.9922	0.9903	0.9903	0.9902	0.9903	0.9902	0.9906	0.9903	0.9907	0.9906	0.9912	0.9902	0.9899	0.991	0.991
  h	0.9949	0.9926	0.9909	0.9905	1.029	1.0148	1.0295	0.9916	0.9907	0.9903	0.9922	0.9907	0.9932	0.9903	0.9923	0.9903	0.9903	0.9902	0.9907	0.9933	0.9914	0.9902	0.9914	0.9922	0.9924	0.9913	0.99	0.9904	0.9958	0.9952	0.9906	0.9902	0.9915	0.9916	0.992	0.9903	0.9899	0.9911	0.9901	0	0.9904	0.9928	0.9904	1.478	0.9903	0.9905	1.0471	0.9903	0.9902	0.9902	0.9903	0.9909	0.9905	0.9902	0.9918	0.9914	0.9903	0.9903	0.9904	0.9901	0.9901	0.9901	0.9902	0.99	0.9912	0.9902	0.9921	0.9902	0.9902	0.9901	0.9902	0.9902	0.9906	0.9902	0.9907	0.9905	0.9911	0.9902	0.9899	0.9909	0.9918
  i	0.9951	0.9928	0.9911	0.9907	1.0293	1.0151	1.0298	0.9918	0.9909	0.9905	0.9924	0.9908	0.9934	0.9905	0.9924	0.9905	0.9904	0.9903	0.9908	0.9935	0.9916	0.9904	0.9916	0.9924	0.9926	0.9915	0.9902	0.9906	0.9945	0.9953	0.9908	0.9904	0.9917	0.9918	0.9922	0.9905	0.9901	0.9913	0.9903	0.9904	0	0.9914	1.3176	1.1164	0.996	0.9907	1.0475	0.9905	0.9904	0.9904	0.9905	0.9911	0.9907	0.9904	0.992	0.9916	0.9905	0.9905	0.9906	0.9903	0.9903	0.9903	0.9904	0.9902	0.9914	0.9904	0.9923	0.9904	0.9904	0.9903	0.9904	0.9904	0.9908	0.9904	0.9909	0.9907	0.9913	0.9904	0.9901	0.9911	0.9914
  j	0.9952	0.9928	0.9912	0.9907	1.0294	1.0153	1.0299	0.9919	0.9909	0.9906	0.9925	0.9909	0.9935	0.9906	0.9925	0.9906	0.9905	0.9904	0.9909	0.9935	0.9917	0.9905	0.992	0.997	0.994	0.9915	0.9903	0.9907	1.165	0.9955	0.9912	0.9905	0.9918	0.9919	0.9923	0.9906	0.9901	0.9913	0.9904	0.9928	0.9914	0	0.9914	1.2595	0.9911	0.9907	1.0477	0.9906	0.9905	0.9905	0.9905	0.9912	0.9907	0.9905	0.9928	0.9917	0.9905	0.9905	0.9907	0.9904	0.9904	0.9904	0.9904	0.9903	0.9915	0.9905	0.9924	0.9904	0.9905	0.9904	0.9905	0.9904	0.9909	0.9904	0.9909	0.9908	0.9914	0.9904	0.9901	0.9912	1.0135
  k	0.9951	0.9928	0.9911	0.9907	1.0293	1.0151	1.0298	0.9918	0.9909	0.9905	0.9924	0.9908	0.9934	0.9905	0.9924	0.9905	0.9904	0.9903	0.9908	0.9935	0.9916	0.9904	0.9916	0.9924	0.9926	0.9915	0.9902	0.9906	0.9945	0.9953	0.9908	0.9904	0.9917	0.9918	0.9922	0.9905	0.9901	0.9913	0.9903	0.9904	1.3176	0.9914	0	1.1164	0.996	0.9907	1.0475	0.9905	0.9904	0.9904	0.9905	0.9911	0.9907	0.9904	0.992	0.9916	0.9905	0.9905	0.9906	0.9903	0.9903	0.9903	0.9904	0.9902	0.9914	0.9904	0.9923	0.9904	0.9904	0.9903	0.9904	0.9904	0.9908	0.9904	0.9909	0.9907	0.9913	0.9904	0.9901	0.9911	0.9914
  l	0.9988	0.9966	0.9995	0.9944	1.0577	1.0232	1.8262	0.9955	0.9952	0.9944	0.9967	0.9949	0.9974	0.9944	0.9964	0.9944	0.9943	0.9941	0.9946	0.9973	1.0143	0.9942	1.0016	1.0783	0.9965	0.9953	0.994	1.4502	1.0871	1.0043	1.0122	0.9943	0.9956	0.9956	0.9964	0.9943	0.9938	1.1623	0.9941	1.478	1.1164	1.2595	1.1164	0	1.4556	1.0229	1.3376	1.0246	1.0204	0.9944	1.0057	0.995	0.9944	0.9943	1.1027	1.0702	0.9943	1.0156	0.9945	1.0154	1.0001	0.9945	0.9944	0.994	0.9954	0.9943	1.0214	0.9942	0.9941	0.9941	0.9942	0.9941	1.0021	0.9943	0.9951	0.9948	0.9952	0.9944	0.994	0.9961	1.1176
  m	0.9951	0.9927	0.991	0.9906	1.0292	1.015	1.0297	0.9918	0.9908	0.9905	0.9924	0.9908	0.9934	0.9905	0.9924	0.9905	0.9904	0.9903	0.9908	0.9934	0.9916	0.9904	0.9915	0.9921	0.9925	0.9914	0.9902	0.9906	0.9943	0.9953	0.9907	0.9904	0.9917	0.9918	0.9922	0.9905	0.99	0.9913	0.9903	0.9903	0.996	0.9911	0.996	1.4556	0	0.9906	1.0473	0.9905	0.9904	0.9904	0.9904	0.9911	0.9906	0.9904	0.9918	0.9915	0.9904	0.9904	0.9906	0.9903	0.9903	0.9903	0.9903	0.9902	0.9913	0.9904	0.9923	0.9903	0.9904	0.9903	0.9904	0.9903	0.9907	0.9903	0.9908	0.9907	0.9913	0.9903	0.99	0.991	0.9913
  n	0.9954	0.993	0.9913	0.9909	1.0297	1.0154	1.0301	0.992	0.9911	0.9907	0.9926	0.9911	0.9937	0.9907	0.9927	0.9908	0.9907	0.9906	0.9911	0.9937	0.9918	0.9906	0.9917	0.9916	0.9926	0.9917	0.9904	0.9908	0.9941	0.9956	0.9909	0.9906	0.992	0.9921	0.9925	0.9907	0.9903	0.9914	0.9905	0.9905	0.9907	0.9907	0.9907	1.0229	0.9906	0	1.067	1.0469	1.5172	1.1315	1.0117	0.9914	0.9909	0.9907	0.9917	1.221	0.9907	0.9907	0.9909	0.9906	1.0059	0.9905	0.9906	0.9904	0.9916	0.9906	0.9926	0.9906	0.9906	0.9905	0.9906	0.9906	0.991	0.9907	0.9911	0.991	0.9915	0.9906	0.9903	0.9913	0.9913
  o	1.0515	1.0493	1.0469	1.0457	1.0943	1.0738	1.0912	1.0487	1.1201	1.0498	1.5397	2.0289	1.1812	1.581	1.0503	1.1269	1.048	1.0479	1.058	1.3399	1.053	1.0479	1.0495	1.0494	1.0491	1.2602	1.0587	1.0606	1.5794	1.7552	1.0478	1.1339	1.1759	1.0495	1.9843	1.0474	1.0463	1.0485	1.0519	1.0471	1.0475	1.0477	1.0475	1.3376	1.0473	1.067	0	1.0716	1.0676	1.3728	1.0581	1.4297	1.0478	1.0826	2.4848	1.0637	1.0603	1.0502	1.0505	1.0491	1.0606	1.7381	1.0536	1.0475	1.066	1.0472	1.5295	1.0477	1.0471	1.0476	1.0506	1.0474	1.0751	1.2928	1.0785	1.0919	1.0481	1.0466	1.0462	1.0477	1.0487
  p	0.9952	0.9928	0.9911	0.9907	1.0293	1.0151	1.0297	0.9919	0.9909	0.9906	0.9925	0.991	0.9935	0.9906	0.9925	0.9906	0.9905	0.9904	0.9909	0.9936	0.9916	0.9905	0.9916	0.9915	0.9925	0.9916	0.9903	0.9907	0.9939	0.9955	0.9907	0.9905	0.9918	0.9919	0.9924	0.9906	0.9901	0.9913	0.9904	0.9903	0.9905	0.9906	0.9905	1.0246	0.9905	1.0469	1.0716	0	1.0443	0.9906	1.1563	0.9912	0.9908	0.9905	0.9916	0.9917	0.9905	0.9905	0.9907	0.9904	1.1087	0.9904	0.9904	0.9903	0.9915	0.9905	0.9924	0.9904	0.9905	0.9904	0.9905	0.9904	0.9908	0.9905	0.991	0.9908	0.9914	0.9904	0.9901	0.9911	0.9912
  q	0.9951	0.9927	0.991	0.9906	1.0295	1.0152	1.0299	0.9918	0.9908	0.9905	0.9924	0.9909	0.9934	0.9905	0.9924	0.9905	0.9904	0.9903	0.9908	0.9935	0.9915	0.9904	0.9915	0.9914	0.9924	0.9915	0.9902	0.9906	0.9938	0.9954	0.9906	0.9904	0.9918	0.9918	0.9923	0.9905	0.99	0.9912	0.9903	0.9902	0.9904	0.9905	0.9904	1.0204	0.9904	1.5172	1.0676	1.0443	0	1.3423	1.0107	0.9911	0.9907	0.9904	0.9915	1.0628	0.9905	0.9904	0.9906	0.9903	1.0048	0.9903	0.9903	0.9902	0.9914	0.9904	0.9923	0.9903	0.9904	0.9903	0.9904	0.9903	0.9908	0.9904	0.9909	0.9907	0.9913	0.9903	0.99	0.991	0.9911
  r	0.9951	0.9927	0.991	0.9907	1.029	1.0149	1.0294	0.9918	0.9909	0.9905	0.9924	0.9909	0.9934	0.9906	0.9925	0.9906	0.9904	0.9903	0.9908	0.9935	0.9915	0.9904	0.9915	0.9914	0.9924	0.9916	0.9902	0.9906	0.994	0.996	0.9906	0.9904	1.1275	0.9918	0.9924	0.9905	0.9901	0.9911	0.9903	0.9902	0.9904	0.9905	0.9904	0.9944	0.9904	1.1315	1.3728	0.9906	1.3423	0	0.9905	0.9912	0.9907	0.9905	0.9916	1.0513	0.9905	0.9904	0.9906	0.9903	0.9903	0.9904	0.9904	0.9902	0.9914	0.9904	0.9925	0.9904	0.9904	0.9903	0.9904	0.9903	0.9908	0.9905	0.9909	0.9996	0.9913	0.9903	0.99	0.9911	0.9911
  s	0.9952	0.9928	0.9911	0.9907	1.0297	1.0154	1.0302	0.9919	0.9909	0.9925	0.9925	0.9909	0.9935	0.9906	1.0447	0.9906	0.9905	0.9915	0.9923	1.297	0.9923	0.9905	0.9916	0.9915	0.9925	1.0697	0.9902	0.9906	0.9938	0.9954	0.9907	0.9908	1.0215	0.9919	0.9926	0.9906	0.9901	0.9912	0.9903	0.9903	0.9905	0.9905	0.9905	1.0057	0.9904	1.0117	1.0581	1.1563	1.0107	0.9905	0	0.9912	0.9907	0.9905	0.9915	0.9916	0.9905	0.9905	0.9907	0.9904	1.3234	0.9903	0.9904	0.9902	0.9914	0.9905	0.9926	0.9904	0.9904	0.9903	0.9904	0.9904	0.9908	0.9904	0.9909	0.9908	0.9914	0.9904	0.9901	0.9911	0.9911
  t	0.9958	0.9934	0.9917	0.9913	1.0295	1.0155	1.03	0.9925	0.9916	0.9912	0.9931	0.9916	1.0504	0.9912	0.9931	0.9913	0.9911	0.991	0.9915	0.9941	0.9923	0.9911	0.9922	0.9921	0.9931	0.9922	0.9909	0.9913	1.0276	0.9962	0.9914	0.9912	0.9925	0.9925	0.9931	0.9912	0.9908	0.9919	0.991	0.9909	0.9911	0.9912	0.9911	0.995	0.9911	0.9914	1.4297	0.9912	0.9911	0.9912	0.9912	0	1.1168	0.9912	0.9923	0.996	0.9922	0.9911	0.9924	0.991	0.991	0.9911	0.9911	0.9911	0.9921	0.9917	1.1518	0.9911	1.0229	0.991	0.9924	0.9913	0.9916	0.9911	0.992	0.9927	0.992	0.991	0.9907	0.9918	0.9918
  u	0.9954	0.993	0.9913	0.9909	1.0296	1.0153	1.03	0.9921	0.9911	0.9908	0.9926	0.9911	0.9937	0.9908	0.9927	0.9908	0.9907	0.9906	0.9911	0.9937	0.9919	0.9907	0.9918	0.9917	0.9926	0.9917	0.9905	0.9908	0.9941	0.9956	0.9909	0.9907	0.992	0.9921	0.9925	0.9908	0.9903	0.9914	0.9906	0.9905	0.9907	0.9907	0.9907	0.9944	0.9906	0.9909	1.0478	0.9908	0.9907	0.9907	0.9907	1.1168	0	0.9907	0.9917	0.9918	0.9907	0.9907	0.9916	0.9906	0.9905	0.9905	0.9906	0.9905	0.9917	0.9908	1.0478	0.9906	1.0881	0.9906	0.9907	0.9907	0.991	0.9906	0.9912	0.991	0.9916	0.9906	0.9903	0.9913	0.9914
  v	0.9951	0.9927	0.9911	0.9907	1.0291	1.0149	1.0296	0.9918	0.9909	0.9905	0.9924	0.9909	0.9935	0.9906	0.9924	0.9906	0.9904	0.9903	0.9908	0.9935	0.9915	0.9904	0.9915	0.9914	0.9924	0.9915	0.9902	0.9906	0.9939	0.9954	0.9907	0.9904	0.9919	0.9918	1.0023	0.9905	0.9901	0.9911	0.9903	0.9902	0.9904	0.9905	0.9904	0.9943	0.9904	0.9907	1.0826	0.9905	0.9904	0.9905	0.9905	0.9912	0.9907	0	0.9916	0.9916	0.9905	0.9904	0.9906	0.9904	0.9903	0.9904	0.9904	0.9902	0.9914	0.9904	0.9925	0.9904	0.9904	0.9903	0.9905	0.9903	0.9908	0.9905	0.9909	1.4112	0.9913	0.9903	0.99	0.9911	0.9911
  w	0.9959	0.9937	0.9921	0.9917	1.0321	1.3529	1.1636	0.9928	0.9943	0.9917	0.9937	0.992	0.9971	0.9916	0.9935	0.9933	0.9916	0.9914	0.9919	0.9944	0.9926	0.9915	0.9972	1.3318	1.0103	0.9925	0.9913	0.9917	0.9977	0.9963	0.9961	0.9915	0.9928	0.9928	0.9998	0.9916	0.9912	0.9922	1.4708	0.9918	0.992	0.9928	0.992	1.1027	0.9918	0.9917	2.4848	0.9916	0.9915	0.9916	0.9915	0.9923	0.9917	0.9916	0	0.9927	0.9916	1.0044	0.9917	0.9914	0.9914	1.481	1.4214	0.9913	1.3868	0.9916	0.9935	0.9914	0.9915	0.9914	0.9915	0.9914	0.9925	0.995	0.9921	0.9919	0.9923	0.9915	0.9912	0.9921	0.9925
  x	0.9963	0.9939	0.9922	0.9918	1.0309	1.0165	1.0314	0.993	0.992	0.9917	0.9936	0.9921	0.9997	0.9917	0.9936	0.9917	0.9916	0.9915	0.992	0.9946	0.9927	0.9916	0.9927	0.9926	0.9935	0.9927	0.9913	0.9918	0.9976	0.9967	0.9918	0.9916	0.993	0.993	0.9935	0.9917	0.9912	0.9924	0.9914	0.9914	0.9916	0.9917	0.9916	1.0702	0.9915	1.221	1.0637	0.9917	1.0628	1.0513	0.9916	0.996	0.9918	0.9916	0.9927	0	1.1331	1.1297	1.1288	1.13	0.9915	0.9915	0.9915	0.9913	0.9925	0.9916	0.9939	0.9915	0.9915	0.9914	1.0369	0.9915	0.9921	0.9916	0.9921	1.0325	0.9924	0.9915	0.9912	0.9922	0.9923
  y	0.9952	0.9928	0.9911	0.9907	1.0294	1.0151	1.0298	0.9919	0.9909	0.9906	0.9925	0.9909	0.9949	0.9906	0.9925	0.9906	0.9905	0.9904	0.9909	0.9935	0.9916	0.9905	0.9916	0.9914	0.9924	1.0111	0.9902	0.9906	0.9945	0.9955	0.9907	0.9905	0.9918	0.9919	0.9924	0.9906	0.9901	0.9912	0.9903	0.9903	0.9905	0.9905	0.9905	0.9943	0.9904	0.9907	1.0603	0.9905	0.9905	0.9905	0.9905	0.9922	0.9907	0.9905	0.9916	1.1331	0	0.9905	1.3493	0.9904	0.9903	0.9904	0.9904	0.9902	0.9914	0.9904	0.9926	0.9904	0.9905	0.9903	1.0038	0.9904	1.4204	0.9905	0.9912	1.0023	0.9913	0.9904	0.9901	0.9911	0.9911
  z	0.9952	0.9928	0.9911	0.9907	1.0296	1.2686	1.2552	0.9919	0.9909	1.1332	0.9925	1.3338	0.9935	0.9905	1.029	0.9905	0.9905	0.9904	0.9909	0.9936	0.9916	0.9904	0.9916	0.9915	0.9924	0.9915	0.9902	0.9906	0.9939	0.9954	0.9907	0.9904	0.9918	0.9919	0.9923	0.9905	0.9901	0.9912	0.9903	0.9903	0.9905	0.9905	0.9905	1.0156	0.9904	0.9907	1.0502	0.9905	0.9904	0.9904	0.9905	0.9911	0.9907	0.9904	1.0044	1.1297	0.9905	0	0.9907	1.3462	0.9903	0.9925	0.9905	0.9902	0.9916	1.4055	0.9924	0.9904	0.9904	0.9903	0.9904	0.9904	0.9908	0.9904	0.9909	0.9908	0.9914	0.9905	0.9901	0.9912	0.9912
  {	0.9954	0.993	0.9913	0.9909	1.03	1.0156	1.0304	0.992	0.9911	0.9907	0.9926	0.9911	0.995	0.9907	0.9927	0.9907	0.9907	0.9906	0.9911	0.9937	0.9918	0.9906	0.9918	0.9916	0.9926	0.9917	0.9904	0.9908	0.9946	0.9956	0.9909	0.9906	0.992	0.9921	0.9925	0.9907	0.9903	0.9914	0.9905	0.9904	0.9906	0.9907	0.9906	0.9945	0.9906	0.9909	1.0505	0.9907	0.9906	0.9906	0.9907	0.9924	0.9916	0.9906	0.9917	1.1288	1.3493	0.9907	0	0.9906	0.9905	0.9905	0.9906	0.9904	0.9916	0.9906	0.9927	0.9906	1.4826	0.9905	1.0035	0.9906	0.9911	0.9906	0.9911	1.0019	0.9915	0.9906	0.9903	0.9913	0.9913
  |	0.995	0.9926	0.991	0.9906	1.0293	1.0151	1.0297	0.9917	0.9907	0.9904	0.9923	0.9908	0.9933	0.9904	0.9924	0.9904	0.9903	0.9902	0.9907	0.9934	0.9915	0.9903	0.9914	0.9913	0.9923	0.9914	0.9901	0.9905	0.9941	0.9957	0.9906	0.9903	0.9917	0.9917	0.9921	0.9904	0.99	0.9911	0.9902	0.9901	0.9903	0.9904	0.9903	1.0154	0.9903	0.9906	1.0491	0.9904	0.9903	0.9903	0.9904	0.991	0.9906	0.9904	0.9914	1.13	0.9904	1.3462	0.9906	0	0.9902	0.9902	0.9903	0.9901	0.9913	0.9904	0.9923	0.9903	0.9903	0.9902	0.9904	0.9902	0.9906	0.9903	0.9908	1.2653	0.9912	0.9903	0.9899	1.1764	0.991
  }	0.9951	0.9926	0.9909	0.9905	1.0297	1.0153	1.0301	0.9917	0.9907	0.9904	1.4711	0.9907	0.9933	0.9981	0.9923	0.9904	0.9905	0.9902	0.9953	0.9934	0.9914	0.9905	0.9916	0.9915	0.9923	0.9914	0.9901	0.9904	0.9937	0.9953	0.9905	0.9903	0.9916	0.9917	0.9922	0.9904	0.9899	0.991	0.9902	0.9901	0.9903	0.9904	0.9903	1.0001	0.9903	1.0059	1.0606	1.1087	1.0048	0.9903	1.3234	0.991	0.9905	0.9903	0.9914	0.9915	0.9903	0.9903	0.9905	0.9902	0	0.9902	0.9902	0.9901	0.9913	0.9903	0.9922	0.9902	0.9903	0.9902	0.9903	0.9902	0.9906	0.9903	0.9907	0.9906	0.9912	0.9902	0.9899	0.9909	0.991
  ~	0.9949	0.9926	0.9909	0.9906	1.0283	1.1777	1.3418	0.9917	0.9908	0.9905	0.9923	0.9909	0.996	0.9922	0.9923	0.9905	0.9903	0.9902	0.9907	0.9933	0.9914	0.9903	0.9914	0.9913	0.9922	0.9914	0.9907	0.9914	1.2543	1.5427	0.9905	0.9911	0.9917	0.9917	0.9922	0.9904	0.99	0.991	0.9904	0.9901	0.9903	0.9904	0.9903	0.9945	0.9903	0.9905	1.7381	0.9904	0.9903	0.9904	0.9903	0.9911	0.9905	0.9904	1.481	0.9915	0.9904	0.9925	0.9905	0.9902	0.9902	0	0.9906	0.9901	0.9924	0.9903	0.9924	0.9902	0.9903	0.9902	0.9903	0.9902	0.9907	0.9906	0.9908	0.9907	0.9912	0.9903	0.99	0.991	0.9911
  	0.995	0.993	0.991	0.9907	1.9923	1.0247	1.029	0.9917	0.9908	0.9905	0.9923	0.9908	0.9934	0.9905	0.9923	0.9905	0.9904	0.9903	0.9908	0.9933	0.9915	0.9904	0.9915	0.9914	0.9923	0.9914	0.9901	0.9905	0.9937	0.9953	0.9906	0.9904	0.9917	0.9917	0.9922	0.9905	0.99	0.9911	0.9904	0.9902	0.9904	0.9904	0.9904	0.9944	0.9903	0.9906	1.0536	0.9904	0.9903	0.9904	0.9904	0.9911	0.9906	0.9904	1.4214	0.9915	0.9904	0.9905	0.9906	0.9903	0.9902	0.9906	0	0.9901	0.9916	0.9904	0.9923	0.9903	0.9903	0.9902	0.9903	0.9903	0.9908	0.9904	0.991	0.9907	0.9912	0.9903	0.99	0.991	0.991
  	0.9949	0.9925	0.9908	0.9904	1.0292	1.0149	1.0296	0.9916	0.9906	0.9903	0.9922	0.9906	0.9932	0.9903	0.9922	0.9903	0.9902	0.9901	0.9906	0.9932	0.9914	0.9902	0.9913	0.9912	0.9922	0.9912	0.99	0.9903	0.9936	0.9951	0.9904	0.9902	0.9915	0.9916	0.992	0.9903	0.9898	0.991	0.9901	0.99	0.9902	0.9903	0.9902	0.994	0.9902	0.9904	1.0475	0.9903	0.9902	0.9902	0.9902	0.9911	0.9905	0.9902	0.9913	0.9913	0.9902	0.9902	0.9904	0.9901	0.9901	0.9901	0.9901	0	0.9912	0.9959	1.4812	0.9901	0.9902	0.9901	0.9902	0.9907	0.9905	0.9902	0.9914	0.9906	0.9911	0.9901	0.9898	0.9908	0.9909
  	0.9962	0.9938	0.9921	0.9917	1.0381	1.0199	1.0366	0.9928	0.9918	0.9915	0.9936	0.9918	1.0159	0.9915	0.9935	0.9915	0.9915	0.9913	0.9918	0.9945	0.9926	0.9917	1.3763	0.9926	0.9936	0.9924	0.9912	0.9915	0.9947	0.9963	0.9919	0.9914	0.9927	0.9928	0.9932	0.9915	0.991	0.9921	0.9963	0.9912	0.9914	0.9915	0.9914	0.9954	0.9913	0.9916	1.066	0.9915	0.9914	0.9914	0.9914	0.9921	0.9917	0.9914	1.3868	0.9925	0.9914	0.9916	0.9916	0.9913	0.9913	0.9924	0.9916	0.9912	0	0.9915	0.9933	0.9914	0.9914	0.9913	0.9914	0.9913	0.992	0.9914	0.9919	0.9917	0.9923	0.9914	0.991	0.9921	0.9921
  	0.9951	0.9928	0.9911	0.9907	1.5337	1.0152	1.0299	0.9918	0.9908	0.9906	0.9924	0.9909	0.9934	0.9905	1.0221	0.9905	0.9904	0.9903	0.9908	0.9935	0.9916	0.9904	0.9916	0.9914	0.9924	0.9915	0.9902	0.9905	0.9939	0.9953	0.9906	0.9904	0.9918	0.9918	0.9922	0.9905	0.9901	0.9912	0.9903	0.9902	0.9904	0.9905	0.9904	0.9943	0.9904	0.9906	1.0472	0.9905	0.9904	0.9904	0.9905	0.9917	0.9908	0.9904	0.9916	0.9916	0.9904	1.4055	0.9906	0.9904	0.9903	0.9903	0.9904	0.9959	0.9915	0	1.4717	0.9904	0.9904	0.9903	0.9904	0.9923	0.9908	0.9904	0.9932	0.9908	0.9913	0.9903	0.99	0.9911	0.9911
  	0.9969	0.9946	0.9929	0.9925	1.0331	1.0181	1.0318	0.9937	0.9928	0.9927	0.9943	0.9929	1.0094	0.9925	0.9945	0.9925	0.9923	0.9924	0.9929	1.14	1.4037	0.9923	0.9934	0.9933	0.9944	0.9938	0.9921	0.9927	1.0217	1.0682	0.9925	1.1566	0.994	0.9937	1.105	0.9924	0.9919	1.022	0.9922	0.9921	0.9923	0.9924	0.9923	1.0214	0.9923	0.9926	1.5295	0.9924	0.9923	0.9925	0.9926	1.1518	1.0478	0.9925	0.9935	0.9939	0.9926	0.9924	0.9927	0.9923	0.9922	0.9924	0.9923	1.4812	0.9933	1.4717	0	0.9922	0.9924	0.9922	0.9925	1.0752	1.3826	0.9925	1.3225	1.431	0.9932	0.9922	0.9919	0.993	0.993
  	0.9951	0.9927	0.991	0.9906	1.0295	1.0152	1.0299	0.9975	0.9908	0.9905	0.9924	0.9908	0.9934	0.9905	0.9924	0.9905	0.9904	0.9903	0.9908	0.9934	0.9915	0.9904	0.9915	0.9914	0.9923	0.9914	0.9901	0.9905	0.9937	0.9953	0.9906	0.9904	0.9917	1.1528	0.9922	1.1913	0.99	0.9911	0.9903	0.9902	0.9904	0.9904	0.9904	0.9942	0.9903	0.9906	1.0477	0.9904	0.9903	0.9904	0.9904	0.9911	0.9906	0.9904	0.9914	0.9915	0.9904	0.9904	0.9906	0.9903	0.9902	0.9902	0.9903	0.9901	0.9914	0.9904	0.9922	0	0.9903	1.021	0.9903	0.9903	0.9907	0.9903	0.9908	0.9907	0.9927	0.9904	0.99	0.991	1.0695
  	0.9951	0.9927	0.991	0.9906	1.0291	1.0149	1.0295	0.9918	0.9908	0.9905	0.9924	0.9908	0.9934	0.9905	0.9924	0.9905	0.9904	0.9903	0.9908	0.9934	0.9915	0.9904	0.9915	0.9914	0.9923	0.9914	0.9902	0.9905	0.9937	0.9953	0.9906	0.9904	0.9917	0.9918	0.9922	0.9905	0.99	0.9911	0.9903	0.9902	0.9904	0.9905	0.9904	0.9941	0.9904	0.9906	1.0471	0.9905	0.9904	0.9904	0.9904	1.0229	1.0881	0.9904	0.9915	0.9915	0.9905	0.9904	1.4826	0.9903	0.9903	0.9903	0.9903	0.9902	0.9914	0.9904	0.9924	0.9903	0	0.9903	0.9904	0.9903	0.9907	0.9904	0.9909	0.9907	0.9913	0.9903	0.99	0.991	0.9911
  	0.995	0.9926	0.9909	0.9905	1.0294	1.0151	1.0298	0.994	0.9907	0.9904	0.9923	0.9907	0.9933	0.9904	0.9923	0.9904	0.9903	0.9902	0.9907	0.9933	0.9914	0.9903	0.9914	0.9913	0.9923	0.9913	0.9901	0.9904	0.9937	0.9952	0.9905	0.9903	0.9916	1.0581	0.9921	1.3546	0.9899	0.991	0.9902	0.9901	0.9903	0.9904	0.9903	0.9941	0.9903	0.9905	1.0476	0.9904	0.9903	0.9903	0.9903	0.991	0.9906	0.9903	0.9914	0.9914	0.9903	0.9903	0.9905	0.9902	0.9902	0.9902	0.9902	0.9901	0.9913	0.9903	0.9922	1.021	0.9903	0	0.9903	0.9902	0.9906	0.9903	0.9907	0.9906	0.9918	0.9903	0.9899	0.9909	1.024
  	0.9951	0.9927	0.991	0.9906	1.0292	1.015	1.0296	0.9918	0.9908	0.9905	0.9924	0.9908	0.9954	0.9905	0.9924	0.9905	0.9904	0.9903	0.9908	0.9934	0.9915	0.9904	0.9915	0.9914	0.9924	0.9915	0.9902	0.9905	0.9947	0.9953	0.9906	0.9904	0.9918	0.9918	0.9922	0.9905	0.99	0.9911	0.9903	0.9902	0.9904	0.9905	0.9904	0.9942	0.9904	0.9906	1.0506	0.9905	0.9904	0.9904	0.9904	0.9924	0.9907	0.9905	0.9915	1.0369	1.0038	0.9904	1.0035	0.9904	0.9903	0.9903	0.9903	0.9902	0.9914	0.9904	0.9925	0.9903	0.9904	0.9903	0	0.9903	0.9907	0.9904	0.9908	1.3872	0.9913	0.9903	0.99	0.9911	0.9911
  	0.9951	0.9927	0.991	0.9906	1.0293	1.015	1.0296	0.9917	0.9908	0.9904	0.9923	0.9908	0.9934	0.9904	0.9924	0.9905	0.9904	0.9903	0.9908	0.9934	0.9915	0.9904	0.9914	0.9913	0.9923	0.9914	0.9901	0.9905	0.9938	0.9953	0.9906	0.9904	0.9917	0.9918	0.9922	0.9904	0.99	0.9911	0.9902	0.9902	0.9904	0.9904	0.9904	0.9941	0.9903	0.9906	1.0474	0.9904	0.9903	0.9903	0.9904	0.9913	0.9907	0.9903	0.9914	0.9915	0.9904	0.9904	0.9906	0.9902	0.9902	0.9902	0.9903	0.9907	0.9913	0.9923	1.0752	0.9903	0.9903	0.9902	0.9903	0	0.9909	0.9903	1.3526	0.9907	0.9912	0.9903	0.99	0.991	0.991
  	0.9955	0.9931	0.9914	0.991	1.0311	1.0166	1.031	0.9922	0.9917	0.9908	0.9935	0.9913	0.9939	0.9909	0.9928	0.9909	0.9908	0.9907	0.9912	0.994	0.9921	0.9908	1.3462	0.9953	1.0455	1.0061	0.9905	0.9909	0.9945	0.996	1.0573	0.9908	0.9922	0.9922	0.9928	0.9908	0.9904	0.9915	0.9906	0.9906	0.9908	0.9909	0.9908	1.0021	0.9907	0.991	1.0751	0.9908	0.9908	0.9908	0.9908	0.9916	0.991	0.9908	0.9925	0.9921	1.4204	0.9908	0.9911	0.9906	0.9906	0.9907	0.9908	0.9905	0.992	0.9908	1.3826	0.9907	0.9907	0.9906	0.9907	0.9909	0	0.9908	1.53	0.9913	0.9916	0.9907	0.9904	0.9914	0.9914
  	0.9951	0.9927	0.991	0.9906	1.029	1.0149	1.0294	0.9918	1.1241	0.9905	0.9924	0.9909	0.9934	0.9911	0.9924	1.0675	0.9904	0.9903	0.9908	0.9934	0.9915	0.9904	0.9915	0.9914	0.9924	0.9915	0.9902	0.9906	0.9939	0.9959	0.9906	0.9905	0.9918	0.9918	1.0147	0.9905	0.99	0.9911	0.9903	0.9902	0.9904	0.9904	0.9904	0.9943	0.9903	0.9907	1.2928	0.9905	0.9904	0.9905	0.9904	0.9911	0.9906	0.9905	0.995	0.9916	0.9905	0.9904	0.9906	0.9903	0.9903	0.9906	0.9904	0.9902	0.9914	0.9904	0.9925	0.9903	0.9904	0.9903	0.9904	0.9903	0.9908	0	0.9909	0.9908	0.9913	0.9903	0.99	0.991	0.991
  	0.9956	0.9932	0.9915	0.9911	1.5349	1.0155	1.03	0.9922	0.9913	0.991	0.9929	0.9915	0.994	0.991	0.9929	0.991	0.9909	0.9908	0.9913	0.9939	0.9922	0.9909	0.9922	0.9918	0.9928	0.992	0.9906	0.991	0.9945	0.996	0.9911	0.9909	0.9922	0.9923	0.9929	0.991	0.9905	0.9916	0.9907	0.9907	0.9909	0.9909	0.9909	0.9951	0.9908	0.9911	1.0785	0.991	0.9909	0.9909	0.9909	0.992	0.9912	0.9909	0.9921	0.9921	0.9912	0.9909	0.9911	0.9908	0.9907	0.9908	0.991	0.9914	0.9919	0.9932	1.3225	0.9908	0.9909	0.9907	0.9908	1.3526	1.53	0.9909	0	0.9915	0.9917	0.9908	0.9905	0.9915	0.9915
  	0.9955	0.9931	0.9914	0.991	1.0305	1.016	1.0311	0.9921	0.9912	0.9908	0.9928	0.9913	0.9959	0.9909	0.9928	0.9909	0.9907	0.9906	0.9911	0.9939	0.992	0.9907	0.9918	0.9917	0.9927	0.9919	0.9905	0.9909	0.9957	0.9962	0.991	0.9908	1.0079	0.9922	0.9997	0.9908	0.9903	0.9915	0.9906	0.9905	0.9907	0.9908	0.9907	0.9948	0.9907	0.991	1.0919	0.9908	0.9907	0.9996	0.9908	0.9927	0.991	1.4112	0.9919	1.0325	1.0023	0.9908	1.0019	1.2653	0.9906	0.9907	0.9907	0.9906	0.9917	0.9908	1.431	0.9907	0.9907	0.9906	1.3872	0.9907	0.9913	0.9908	0.9915	0	0.9916	0.9907	0.9903	1.1958	0.9914
  	0.996	0.9936	0.9919	0.9915	1.0301	1.0158	1.0306	0.9934	0.9917	0.9914	0.9933	0.9917	0.9943	0.9914	0.9934	0.9914	0.9913	0.9912	0.9917	1.0039	0.9925	0.9913	0.9924	0.9923	0.9933	0.9924	0.9911	0.9914	0.9948	0.9962	0.9916	0.9913	0.9926	0.9976	0.9931	0.9923	0.9909	0.992	0.9912	0.9911	0.9913	0.9914	0.9913	0.9952	0.9913	0.9915	1.0481	0.9914	0.9913	0.9913	0.9914	0.992	0.9916	0.9913	0.9923	0.9924	0.9913	0.9914	0.9915	0.9912	0.9912	0.9912	0.9912	0.9911	0.9923	0.9913	0.9932	0.9927	0.9913	0.9918	0.9913	0.9912	0.9916	0.9913	0.9917	0.9916	0	1.1195	0.9909	0.992	1.853
  	0.995	0.9926	0.991	0.9906	1.0286	1.0147	1.5349	0.9918	0.9908	0.9905	0.9923	0.9908	0.9933	0.9904	0.9924	0.9905	0.9904	0.9903	0.9908	0.9934	0.9915	0.9904	0.9914	0.9913	0.9923	0.9914	0.9901	0.9905	0.9938	0.9953	0.9906	0.9903	0.9916	0.9918	0.9922	0.9905	0.99	0.9911	0.9902	0.9902	0.9904	0.9904	0.9904	0.9944	0.9903	0.9906	1.0466	0.9904	0.9903	0.9903	0.9904	0.991	0.9906	0.9903	0.9915	0.9915	0.9904	0.9905	0.9906	0.9903	0.9902	0.9903	0.9903	0.9901	0.9914	0.9903	0.9922	0.9904	0.9903	0.9903	0.9903	0.9903	0.9907	0.9903	0.9908	0.9907	1.1195	0	0.99	1.1389	1.4162
  	0.9947	0.9923	0.9907	0.9903	1.0283	1.0144	1.5328	0.9914	0.9905	0.9902	0.992	0.9905	0.993	0.9901	0.9921	0.9901	0.9901	0.99	0.9905	0.993	0.9912	0.9901	0.9911	0.991	0.992	0.9911	0.9898	0.9902	0.9934	0.9949	0.9903	0.99	0.9913	0.9915	0.9919	0.9902	0.9897	0.9908	0.9899	0.9899	0.9901	0.9901	0.9901	0.994	0.99	0.9903	1.0462	0.9901	0.99	0.99	0.9901	0.9907	0.9903	0.99	0.9912	0.9912	0.9901	0.9901	0.9903	0.9899	0.9899	0.99	0.99	0.9898	0.991	0.99	0.9919	0.99	0.99	0.9899	0.99	0.99	0.9904	0.99	0.9905	0.9903	0.9909	0.99	0	0.9907	1.4858
  	0.9958	0.9934	0.9917	0.9913	1.0297	1.5181	1.0307	0.9924	0.9915	0.9912	0.993	0.9915	0.994	0.9911	0.9931	0.9912	0.9911	0.991	0.9915	0.9941	0.9922	0.9911	0.9922	0.9921	0.993	0.9921	0.9908	0.9912	1.0074	1.0093	0.9913	0.9911	0.9924	0.9925	0.9928	0.9912	0.9907	0.9918	0.991	0.9909	0.9911	0.9912	0.9911	0.9961	0.991	0.9913	1.0477	0.9911	0.991	0.9911	0.9911	0.9918	0.9913	0.9911	0.9921	0.9922	0.9911	0.9912	0.9913	1.1764	0.9909	0.991	0.991	0.9908	0.9921	0.9911	0.993	0.991	0.991	0.9909	0.9911	0.991	0.9914	0.991	0.9915	1.1958	0.992	1.1389	0.9907	0	0.9918
  	0.9958	0.9935	0.9918	0.9913	1.0302	1.016	1.5367	1.0232	0.9915	0.9912	0.9931	0.9915	0.9941	0.9912	0.9932	0.9912	0.9911	0.991	0.9915	0.9942	0.9923	0.9911	0.9924	0.9942	0.9937	0.9921	0.9909	0.9913	1.3337	0.9961	0.9915	0.9911	0.9924	1.1612	0.9929	1.0271	0.9907	0.9919	0.991	0.9918	0.9914	1.0135	0.9914	1.1176	0.9913	0.9913	1.0487	0.9912	0.9911	0.9911	0.9911	0.9918	0.9914	0.9911	0.9925	0.9923	0.9911	0.9912	0.9913	0.991	0.991	0.9911	0.991	0.9909	0.9921	0.9911	0.993	1.0695	0.9911	1.024	0.9911	0.991	0.9914	0.991	0.9915	0.9914	1.853	1.4162	1.4858	0.9918	0

Actual rates from j->i (Q_ij):
	A	B	C	D	E	F	G	H	I	J	K	L	M	N	O	P	Q	R	S	T	U	V	W	X	Y	Z	[	\	]	^	_	`	a	b	c	d	e	f	g	h	i	j	k	l	m	n	o	p	q	r	s	t	u	v	w	x	y	z	{	|	}	~																			
  A	0	0.0122	0.0121	0.0121	0.0135	0.017	0.0126	0.0122	0.0121	0.0121	0.0122	0.0121	0.0122	0.0121	0.0122	0.0121	0.0121	0.0121	0.0121	0.0122	0.0121	0.0121	0.0121	0.0121	0.0122	0.0121	0.0121	0.0121	0.0122	0.0122	0.0121	0.0121	0.0122	0.0122	0.0122	0.0121	0.0121	0.0121	0.0121	0.0121	0.0121	0.0121	0.0121	0.0122	0.0121	0.0121	0.0128	0.0121	0.0121	0.0121	0.0121	0.0121	0.0121	0.0121	0.0121	0.0121	0.0121	0.0121	0.0121	0.0121	0.0121	0.0121	0.0121	0.0121	0.0121	0.0121	0.0122	0.0121	0.0121	0.0121	0.0121	0.0121	0.0121	0.0121	0.0121	0.0121	0.0121	0.0121	0.0121	0.0121	0.0121
  B	0.0122	0	0.0122	0.0122	0.0145	0.0136	0.0127	0.0122	0.0122	0.0122	0.0122	0.0122	0.0122	0.0122	0.0122	0.0122	0.0122	0.0122	0.0122	0.0122	0.0122	0.0122	0.0122	0.0122	0.0122	0.0122	0.0122	0.0122	0.0122	0.0122	0.0122	0.0122	0.0122	0.0122	0.0122	0.0122	0.0122	0.0122	0.0122	0.0122	0.0122	0.0122	0.0122	0.0122	0.0122	0.0122	0.0129	0.0122	0.0122	0.0122	0.0122	0.0122	0.0122	0.0122	0.0122	0.0122	0.0122	0.0122	0.0122	0.0122	0.0122	0.0122	0.0122	0.0122	0.0122	0.0122	0.0122	0.0122	0.0122	0.0122	0.0122	0.0122	0.0122	0.0122	0.0122	0.0122	0.0122	0.0122	0.0122	0.0122	0.0122
  C	0.0121	0.0121	0	0.012	0.0178	0.0126	0.0126	0.0121	0.012	0.012	0.0121	0.012	0.0121	0.012	0.0121	0.012	0.012	0.012	0.012	0.0121	0.0121	0.012	0.012	0.012	0.0121	0.012	0.012	0.012	0.0121	0.0121	0.012	0.012	0.0121	0.0121	0.0121	0.012	0.012	0.012	0.012	0.012	0.012	0.012	0.012	0.0121	0.012	0.012	0.0127	0.012	0.012	0.012	0.012	0.012	0.012	0.012	0.012	0.012	0.012	0.012	0.012	0.012	0.012	0.012	0.012	0.012	0.012	0.012	0.0121	0.012	0.012	0.012	0.012	0.012	0.012	0.012	0.012	0.012	0.012	0.012	0.012	0.012	0.012
  D	0.0119	0.0119	0.0119	0	0.0184	0.0182	0.0123	0.0119	0.0119	0.0119	0.0119	0.0119	0.0119	0.0119	0.0119	0.0119	0.0119	0.0119	0.0119	0.0119	0.0119	0.0119	0.0119	0.0119	0.0119	0.0119	0.0119	0.0119	0.0119	0.0119	0.0119	0.0119	0.0119	0.0119	0.0119	0.0119	0.0119	0.0119	0.0119	0.0119	0.0119	0.0119	0.0119	0.0119	0.0119	0.0119	0.0125	0.0119	0.0119	0.0119	0.0119	0.0119	0.0119	0.0119	0.0119	0.0119	0.0119	0.0119	0.0119	0.0119	0.0119	0.0119	0.0119	0.0119	0.0119	0.0119	0.0119	0.0119	0.0119	0.0119	0.0119	0.0119	0.0119	0.0119	0.0119	0.0119	0.0119	0.0119	0.0119	0.0119	0.0119
  E	0.014	0.015	0.0187	0.0195	0	0.014	0.0138	0.0131	0.0131	0.0186	0.0131	0.0131	0.0131	0.0131	0.0131	0.0131	0.0131	0.0131	0.0131	0.0131	0.0131	0.0131	0.0132	0.0131	0.0131	0.0131	0.0131	0.0131	0.0131	0.0131	0.0131	0.0131	0.0131	0.0131	0.0131	0.0131	0.0131	0.0131	0.0131	0.0131	0.0131	0.0131	0.0131	0.0134	0.0131	0.0131	0.0139	0.0131	0.0131	0.0131	0.0131	0.0131	0.0131	0.0131	0.0131	0.0131	0.0131	0.0131	0.0131	0.0131	0.0131	0.0131	0.0253	0.0131	0.0132	0.0195	0.0131	0.0131	0.0131	0.0131	0.0131	0.0131	0.0131	0.0131	0.0195	0.0131	0.0131	0.0131	0.0131	0.0131	0.0131
  F	0.0169	0.0134	0.0126	0.0184	0.0134	0	0.0192	0.0123	0.0123	0.0132	0.0124	0.0123	0.0124	0.0123	0.0124	0.0123	0.0123	0.0123	0.0123	0.0124	0.0124	0.0123	0.0124	0.0124	0.0124	0.0123	0.0123	0.0123	0.0124	0.0124	0.0124	0.0123	0.0123	0.0124	0.0124	0.0123	0.0181	0.0124	0.0123	0.0123	0.0123	0.0123	0.0123	0.0124	0.0123	0.0123	0.013	0.0123	0.0123	0.0123	0.0123	0.0123	0.0123	0.0123	0.0164	0.0124	0.0123	0.0154	0.0123	0.0123	0.0123	0.0143	0.0125	0.0123	0.0124	0.0123	0.0124	0.0123	0.0123	0.0123	0.0123	0.0123	0.0124	0.0123	0.0123	0.0123	0.0123	0.0123	0.0123	0.0184	0.0123
  G	0.0128	0.0128	0.0128	0.0127	0.0134	0.0195	0	0.0128	0.0127	0.0128	0.0128	0.0127	0.0128	0.0127	0.0128	0.0127	0.0127	0.0127	0.0127	0.0128	0.0128	0.0127	0.0128	0.0128	0.0128	0.0127	0.0127	0.0127	0.0142	0.0128	0.0127	0.0127	0.0128	0.0128	0.0128	0.0127	0.0131	0.0127	0.0127	0.0127	0.0127	0.0127	0.0127	0.0226	0.0127	0.0127	0.0135	0.0127	0.0127	0.0127	0.0127	0.0127	0.0127	0.0127	0.0144	0.0128	0.0127	0.0155	0.0127	0.0127	0.0127	0.0166	0.0127	0.0127	0.0128	0.0127	0.0128	0.0127	0.0127	0.0127	0.0127	0.0127	0.0128	0.0127	0.0127	0.0128	0.0127	0.019	0.019	0.0127	0.019
  H	0.0123	0.0123	0.0123	0.0122	0.0127	0.0125	0.0127	0	0.0122	0.0122	0.0123	0.0122	0.0123	0.0122	0.0123	0.0122	0.0122	0.0122	0.0122	0.0123	0.0123	0.0122	0.0123	0.0123	0.0123	0.0123	0.0122	0.0122	0.0123	0.0123	0.0122	0.0122	0.0123	0.0185	0.0123	0.0123	0.0122	0.0123	0.0122	0.0122	0.0122	0.0122	0.0122	0.0123	0.0122	0.0122	0.0129	0.0122	0.0122	0.0122	0.0122	0.0123	0.0122	0.0122	0.0123	0.0123	0.0122	0.0122	0.0122	0.0122	0.0122	0.0122	0.0122	0.0122	0.0123	0.0122	0.0123	0.0123	0.0122	0.0123	0.0122	0.0122	0.0122	0.0122	0.0122	0.0122	0.0123	0.0122	0.0122	0.0123	0.0126
  I	0.0124	0.0124	0.0124	0.0124	0.0129	0.0127	0.0129	0.0124	0	0.0124	0.0124	0.0124	0.0124	0.0124	0.0124	0.0169	0.0124	0.0124	0.0124	0.0124	0.0124	0.0124	0.0124	0.0124	0.0185	0.0124	0.0124	0.0124	0.0124	0.0124	0.0124	0.0124	0.0124	0.0124	0.0127	0.0124	0.0124	0.0124	0.0124	0.0124	0.0124	0.0124	0.0124	0.0124	0.0124	0.0124	0.014	0.0124	0.0124	0.0124	0.0124	0.0124	0.0124	0.0124	0.0124	0.0124	0.0124	0.0124	0.0124	0.0124	0.0124	0.0124	0.0124	0.0124	0.0124	0.0124	0.0124	0.0124	0.0124	0.0124	0.0124	0.0124	0.0124	0.014	0.0124	0.0124	0.0124	0.0124	0.0124	0.0124	0.0124
  J	0.0124	0.0124	0.0123	0.0123	0.0182	0.0135	0.0128	0.0123	0.0123	0	0.0124	0.0153	0.0124	0.0123	0.0124	0.0123	0.0123	0.0124	0.0185	0.0184	0.0123	0.0123	0.0123	0.0123	0.0123	0.0123	0.0123	0.0123	0.0124	0.0124	0.0123	0.0123	0.0123	0.0123	0.0123	0.0123	0.0123	0.0123	0.0123	0.0123	0.0123	0.0123	0.0123	0.0124	0.0123	0.0123	0.0131	0.0123	0.0123	0.0123	0.0123	0.0123	0.0123	0.0123	0.0123	0.0123	0.0123	0.0141	0.0123	0.0123	0.0123	0.0123	0.0123	0.0123	0.0123	0.0123	0.0123	0.0123	0.0123	0.0123	0.0123	0.0123	0.0123	0.0123	0.0123	0.0123	0.0123	0.0123	0.0123	0.0123	0.0123
  K	0.0121	0.012	0.012	0.012	0.0125	0.0123	0.0125	0.012	0.0121	0.012	0	0.012	0.012	0.0121	0.012	0.012	0.013	0.012	0.0121	0.0121	0.0121	0.0129	0.013	0.013	0.0178	0.012	0.012	0.012	0.012	0.0121	0.012	0.012	0.012	0.012	0.0175	0.012	0.012	0.012	0.012	0.012	0.012	0.012	0.012	0.0121	0.012	0.012	0.0186	0.012	0.012	0.012	0.012	0.012	0.012	0.012	0.012	0.012	0.012	0.012	0.012	0.012	0.0178	0.012	0.012	0.012	0.012	0.012	0.012	0.012	0.012	0.012	0.012	0.012	0.012	0.012	0.012	0.012	0.012	0.012	0.012	0.012	0.012
  L	0.0118	0.0117	0.0117	0.0117	0.0122	0.012	0.0122	0.0117	0.0117	0.0145	0.0117	0	0.0117	0.0117	0.0117	0.0117	0.0117	0.0117	0.0117	0.0117	0.0117	0.0117	0.0117	0.0117	0.0117	0.0117	0.0117	0.0117	0.0118	0.0118	0.0117	0.0117	0.0117	0.0117	0.0117	0.0117	0.0117	0.0117	0.0117	0.0117	0.0117	0.0117	0.0117	0.0118	0.0117	0.0117	0.024	0.0117	0.0117	0.0117	0.0117	0.0117	0.0117	0.0117	0.0117	0.0117	0.0117	0.0158	0.0117	0.0117	0.0117	0.0117	0.0117	0.0117	0.0117	0.0117	0.0117	0.0117	0.0117	0.0117	0.0117	0.0117	0.0117	0.0117	0.0117	0.0117	0.0117	0.0117	0.0117	0.0117	0.0117
  M	0.0123	0.0123	0.0122	0.0122	0.0127	0.0125	0.0127	0.0123	0.0122	0.0122	0.0123	0.0122	0	0.0122	0.0123	0.0122	0.0122	0.0122	0.0122	0.0123	0.0123	0.0122	0.0123	0.0123	0.0123	0.0123	0.0122	0.0122	0.0146	0.0123	0.0122	0.0122	0.0123	0.0123	0.0177	0.0122	0.0122	0.0122	0.0123	0.0122	0.0122	0.0122	0.0122	0.0123	0.0122	0.0122	0.0146	0.0122	0.0122	0.0122	0.0122	0.0129	0.0122	0.0122	0.0123	0.0123	0.0123	0.0122	0.0123	0.0122	0.0122	0.0123	0.0122	0.0122	0.0125	0.0122	0.0124	0.0122	0.0122	0.0122	0.0123	0.0122	0.0122	0.0122	0.0122	0.0123	0.0123	0.0122	0.0122	0.0122	0.0122
  N	0.0121	0.0121	0.0121	0.012	0.0125	0.0123	0.0125	0.0121	0.0121	0.012	0.0122	0.0121	0.0121	0	0.0121	0.012	0.012	0.012	0.0121	0.0121	0.0121	0.012	0.0121	0.0121	0.0121	0.0121	0.012	0.012	0.0121	0.0178	0.012	0.012	0.0121	0.0121	0.0121	0.012	0.012	0.0121	0.012	0.012	0.012	0.012	0.012	0.0121	0.012	0.012	0.0192	0.012	0.012	0.012	0.012	0.0121	0.012	0.012	0.0121	0.0121	0.012	0.012	0.012	0.012	0.0121	0.0121	0.012	0.012	0.0121	0.012	0.0121	0.012	0.012	0.012	0.012	0.012	0.0121	0.0121	0.0121	0.012	0.0121	0.012	0.012	0.0121	0.0121
  O	0.0124	0.0124	0.0123	0.0123	0.0128	0.0126	0.0129	0.0123	0.0123	0.0123	0.0123	0.0123	0.0124	0.0123	0	0.0123	0.0123	0.0123	0.0123	0.0128	0.0123	0.0123	0.0123	0.0123	0.0123	0.0142	0.0123	0.0123	0.0124	0.0124	0.0123	0.0123	0.0168	0.0123	0.0123	0.0123	0.0123	0.0123	0.0123	0.0123	0.0123	0.0123	0.0123	0.0124	0.0123	0.0123	0.013	0.0123	0.0123	0.0123	0.013	0.0123	0.0123	0.0123	0.0123	0.0123	0.0123	0.0128	0.0123	0.0123	0.0123	0.0123	0.0123	0.0123	0.0123	0.0127	0.0123	0.0123	0.0123	0.0123	0.0123	0.0123	0.0123	0.0123	0.0123	0.0123	0.0123	0.0123	0.0123	0.0123	0.0123
  P	0.0123	0.0123	0.0123	0.0123	0.0127	0.0126	0.0127	0.0123	0.0168	0.0123	0.0123	0.0123	0.0123	0.0123	0.0123	0	0.0123	0.0123	0.0123	0.0123	0.0123	0.0123	0.0123	0.0123	0.0123	0.0123	0.0123	0.0123	0.0123	0.0123	0.0123	0.0123	0.0123	0.0123	0.0125	0.0123	0.0123	0.0123	0.0123	0.0123	0.0123	0.0123	0.0123	0.0123	0.0123	0.0123	0.014	0.0123	0.0123	0.0123	0.0123	0.0123	0.0123	0.0123	0.0123	0.0123	0.0123	0.0123	0.0123	0.0123	0.0123	0.0123	0.0123	0.0123	0.0123	0.0123	0.0123	0.0123	0.0123	0.0123	0.0123	0.0123	0.0123	0.0132	0.0123	0.0123	0.0123	0.0123	0.0123	0.0123	0.0123
  Q	0.0124	0.0123	0.0123	0.0123	0.0128	0.0126	0.0128	0.0123	0.0123	0.0123	0.0133	0.0123	0.0123	0.0123	0.0123	0.0123	0	0.0123	0.0123	0.0123	0.0123	0.0132	0.0132	0.016	0.0123	0.0123	0.0123	0.0123	0.0124	0.0124	0.0123	0.0123	0.0123	0.0123	0.0123	0.0123	0.0123	0.0123	0.0123	0.0123	0.0123	0.0123	0.0123	0.0124	0.0123	0.0123	0.013	0.0123	0.0123	0.0123	0.0123	0.0123	0.0123	0.0123	0.0123	0.0123	0.0123	0.0123	0.0123	0.0123	0.0123	0.0123	0.0123	0.0123	0.0123	0.0123	0.0123	0.0123	0.0123	0.0123	0.0123	0.0123	0.0123	0.0123	0.0123	0.0123	0.0123	0.0123	0.0123	0.0123	0.0123
  R	0.0124	0.0123	0.0123	0.0123	0.0128	0.0126	0.0128	0.0123	0.0123	0.0124	0.0123	0.0123	0.0123	0.0123	0.0123	0.0123	0.0123	0	0.0158	0.0145	0.0123	0.0123	0.0123	0.0123	0.0123	0.0123	0.0123	0.0123	0.0124	0.0124	0.0123	0.0123	0.0123	0.0123	0.0123	0.0123	0.0123	0.0123	0.0123	0.0123	0.0123	0.0123	0.0123	0.0124	0.0123	0.0123	0.013	0.0123	0.0123	0.0123	0.0123	0.0123	0.0123	0.0123	0.0123	0.0123	0.0123	0.0123	0.0123	0.0123	0.0123	0.0123	0.0123	0.0123	0.0123	0.0123	0.0123	0.0123	0.0123	0.0123	0.0123	0.0123	0.0123	0.0123	0.0123	0.0123	0.0123	0.0123	0.0123	0.0123	0.0123
  S	0.0124	0.0123	0.0123	0.0123	0.0128	0.0126	0.0128	0.0123	0.0123	0.0185	0.0124	0.0123	0.0123	0.0123	0.0123	0.0123	0.0123	0.0158	0	0.0144	0.0123	0.0123	0.0123	0.0123	0.0123	0.0123	0.0123	0.0123	0.0123	0.0124	0.0123	0.0123	0.0123	0.0123	0.0123	0.0123	0.0123	0.0123	0.0123	0.0123	0.0123	0.0123	0.0123	0.0123	0.0123	0.0123	0.0131	0.0123	0.0123	0.0123	0.0123	0.0123	0.0123	0.0123	0.0123	0.0123	0.0123	0.0123	0.0123	0.0123	0.0123	0.0123	0.0123	0.0123	0.0123	0.0123	0.0123	0.0123	0.0123	0.0123	0.0123	0.0123	0.0123	0.0123	0.0123	0.0123	0.0123	0.0123	0.0123	0.0123	0.0123
  T	0.0121	0.012	0.012	0.012	0.0125	0.0123	0.0125	0.012	0.012	0.0179	0.0121	0.012	0.0121	0.012	0.0125	0.012	0.012	0.0141	0.0141	0	0.018	0.012	0.012	0.012	0.0137	0.0135	0.012	0.012	0.0121	0.0121	0.012	0.0125	0.0125	0.012	0.0126	0.012	0.012	0.012	0.012	0.012	0.012	0.012	0.012	0.0121	0.012	0.012	0.0162	0.012	0.012	0.012	0.0157	0.012	0.012	0.012	0.012	0.012	0.012	0.012	0.012	0.012	0.012	0.012	0.012	0.012	0.012	0.012	0.0138	0.012	0.012	0.012	0.012	0.012	0.012	0.012	0.012	0.012	0.0121	0.012	0.012	0.012	0.012
  U	0.0125	0.0125	0.0125	0.0125	0.013	0.0128	0.013	0.0125	0.0125	0.0125	0.0125	0.0125	0.0125	0.0125	0.0125	0.0125	0.0125	0.0125	0.0125	0.0187	0	0.0125	0.0125	0.0125	0.0187	0.0125	0.0125	0.0125	0.0125	0.0125	0.0125	0.0125	0.0125	0.0125	0.0125	0.0125	0.0125	0.0134	0.0125	0.0125	0.0125	0.0125	0.0125	0.0128	0.0125	0.0125	0.0132	0.0125	0.0125	0.0125	0.0125	0.0125	0.0125	0.0125	0.0125	0.0125	0.0125	0.0125	0.0125	0.0125	0.0125	0.0125	0.0125	0.0125	0.0125	0.0125	0.0177	0.0125	0.0125	0.0125	0.0125	0.0125	0.0125	0.0125	0.0125	0.0125	0.0125	0.0125	0.0125	0.0125	0.0125
  V	0.0124	0.0123	0.0123	0.0123	0.0128	0.0126	0.0128	0.0123	0.0123	0.0123	0.0133	0.0123	0.0123	0.0123	0.0123	0.0123	0.0132	0.0123	0.0123	0.0123	0.0123	0	0.016	0.0132	0.0123	0.0123	0.0123	0.0123	0.0123	0.0124	0.0123	0.0123	0.0123	0.0123	0.0123	0.0123	0.0123	0.0123	0.0123	0.0123	0.0123	0.0123	0.0123	0.0124	0.0123	0.0123	0.013	0.0123	0.0123	0.0123	0.0123	0.0123	0.0123	0.0123	0.0123	0.0123	0.0123	0.0123	0.0123	0.0123	0.0123	0.0123	0.0123	0.0123	0.0123	0.0123	0.0123	0.0123	0.0123	0.0123	0.0123	0.0123	0.0123	0.0123	0.0123	0.0123	0.0123	0.0123	0.0123	0.0123	0.0123
  W	0.0124	0.0124	0.0124	0.0124	0.013	0.0127	0.0129	0.0124	0.0124	0.0124	0.0134	0.0124	0.0124	0.0124	0.0124	0.0124	0.0133	0.0124	0.0124	0.0124	0.0124	0.0161	0	0.0134	0.0129	0.0124	0.0124	0.0124	0.0124	0.0124	0.0148	0.0124	0.0124	0.0124	0.0124	0.0124	0.0124	0.0124	0.0124	0.0124	0.0124	0.0124	0.0124	0.0125	0.0124	0.0124	0.0131	0.0124	0.0124	0.0124	0.0124	0.0124	0.0124	0.0124	0.0125	0.0124	0.0124	0.0124	0.0124	0.0124	0.0124	0.0124	0.0124	0.0124	0.0172	0.0124	0.0124	0.0124	0.0124	0.0124	0.0124	0.0124	0.0168	0.0124	0.0124	0.0124	0.0124	0.0124	0.0124	0.0124	0.0124
  X	0.0124	0.0123	0.0123	0.0123	0.0128	0.0126	0.0128	0.0123	0.0123	0.0123	0.0133	0.0123	0.0124	0.0123	0.0123	0.0123	0.016	0.0123	0.0123	0.0124	0.0123	0.0132	0.0133	0	0.0125	0.0123	0.0123	0.0123	0.0124	0.0124	0.0125	0.0123	0.0123	0.0123	0.0123	0.0123	0.0123	0.0123	0.0123	0.0123	0.0123	0.0124	0.0123	0.0134	0.0123	0.0123	0.013	0.0123	0.0123	0.0123	0.0123	0.0123	0.0123	0.0123	0.0165	0.0123	0.0123	0.0123	0.0123	0.0123	0.0123	0.0123	0.0123	0.0123	0.0123	0.0123	0.0123	0.0123	0.0123	0.0123	0.0123	0.0123	0.0124	0.0123	0.0123	0.0123	0.0123	0.0123	0.0123	0.0123	0.0124
  Y	0.0122	0.0122	0.0122	0.0122	0.0127	0.0125	0.0127	0.0122	0.0182	0.0122	0.0181	0.0122	0.0122	0.0122	0.0122	0.0122	0.0122	0.0122	0.0122	0.0139	0.0182	0.0122	0.0127	0.0124	0	0.0122	0.0122	0.0122	0.0122	0.0123	0.0136	0.0122	0.0122	0.0122	0.0122	0.0122	0.0122	0.0122	0.0122	0.0122	0.0122	0.0122	0.0122	0.0122	0.0122	0.0122	0.0129	0.0122	0.0122	0.0122	0.0122	0.0122	0.0122	0.0122	0.0124	0.0122	0.0122	0.0122	0.0122	0.0122	0.0122	0.0122	0.0122	0.0122	0.0122	0.0122	0.0122	0.0122	0.0122	0.0122	0.0122	0.0122	0.0128	0.0122	0.0122	0.0122	0.0122	0.0122	0.0122	0.0122	0.0122
  Z	0.0123	0.0122	0.0122	0.0122	0.0127	0.0125	0.0127	0.0122	0.0122	0.0122	0.0122	0.0122	0.0123	0.0122	0.0141	0.0122	0.0122	0.0122	0.0122	0.0138	0.0122	0.0122	0.0122	0.0122	0.0122	0	0.0122	0.0122	0.0123	0.0123	0.0122	0.0122	0.0136	0.0122	0.0122	0.0122	0.0122	0.0122	0.0122	0.0122	0.0122	0.0122	0.0122	0.0123	0.0122	0.0122	0.0155	0.0122	0.0122	0.0122	0.0132	0.0122	0.0122	0.0122	0.0122	0.0122	0.0125	0.0122	0.0122	0.0122	0.0122	0.0122	0.0122	0.0122	0.0122	0.0122	0.0122	0.0122	0.0122	0.0122	0.0122	0.0122	0.0124	0.0122	0.0122	0.0122	0.0122	0.0122	0.0122	0.0122	0.0122
  [	0.0124	0.0123	0.0123	0.0123	0.0128	0.0126	0.0128	0.0123	0.0123	0.0123	0.0123	0.0123	0.0124	0.0123	0.0123	0.0123	0.0123	0.0123	0.0123	0.0124	0.0123	0.0123	0.0123	0.0123	0.0123	0.0123	0	0.0124	0.0124	0.0183	0.0123	0.0124	0.0123	0.0123	0.0123	0.0123	0.0123	0.0123	0.0123	0.0123	0.0123	0.0123	0.0123	0.0124	0.0123	0.0123	0.0132	0.0123	0.0123	0.0123	0.0123	0.0123	0.0123	0.0123	0.0123	0.0123	0.0123	0.0123	0.0123	0.0123	0.0123	0.0123	0.0123	0.0123	0.0123	0.0123	0.0123	0.0123	0.0123	0.0123	0.0123	0.0123	0.0123	0.0123	0.0123	0.0123	0.0123	0.0123	0.0123	0.0123	0.0123
  \	0.0123	0.0122	0.0122	0.0122	0.0127	0.0125	0.0127	0.0122	0.0122	0.0122	0.0122	0.0122	0.0123	0.0122	0.0122	0.0122	0.0122	0.0122	0.0122	0.0123	0.0122	0.0122	0.0122	0.0122	0.0122	0.0122	0.0123	0	0.0123	0.0138	0.0122	0.0162	0.0122	0.0122	0.0122	0.0122	0.0122	0.0122	0.0122	0.0122	0.0122	0.0122	0.0122	0.0179	0.0122	0.0122	0.0131	0.0122	0.0122	0.0122	0.0122	0.0122	0.0122	0.0122	0.0122	0.0122	0.0122	0.0122	0.0122	0.0122	0.0122	0.0122	0.0122	0.0122	0.0122	0.0122	0.0122	0.0122	0.0122	0.0122	0.0122	0.0122	0.0122	0.0122	0.0122	0.0122	0.0122	0.0122	0.0122	0.0122	0.0122
  ]	0.0121	0.012	0.012	0.012	0.0125	0.0123	0.0139	0.012	0.012	0.012	0.012	0.0121	0.0144	0.012	0.012	0.012	0.012	0.012	0.012	0.0121	0.012	0.012	0.012	0.0121	0.0121	0.012	0.012	0.012	0	0.019	0.012	0.012	0.012	0.012	0.0121	0.012	0.012	0.012	0.012	0.012	0.012	0.0141	0.012	0.0131	0.012	0.012	0.0191	0.012	0.012	0.012	0.012	0.0124	0.012	0.012	0.0121	0.0121	0.012	0.012	0.012	0.012	0.012	0.0152	0.012	0.012	0.012	0.012	0.0124	0.012	0.012	0.012	0.012	0.012	0.012	0.012	0.012	0.012	0.012	0.012	0.012	0.0122	0.0161
  ^	0.0119	0.0118	0.0118	0.0118	0.0123	0.0121	0.0123	0.0118	0.0118	0.0118	0.0118	0.0118	0.0118	0.0174	0.0118	0.0118	0.0118	0.0118	0.0118	0.0118	0.0118	0.0118	0.0118	0.0118	0.0118	0.0118	0.0175	0.0133	0.0186	0	0.0118	0.0133	0.0118	0.0118	0.0118	0.0118	0.0118	0.0118	0.0118	0.0118	0.0118	0.0118	0.0118	0.0119	0.0118	0.0118	0.0208	0.0118	0.0118	0.0118	0.0118	0.0118	0.0118	0.0118	0.0118	0.0118	0.0118	0.0118	0.0118	0.0118	0.0118	0.0183	0.0118	0.0118	0.0118	0.0118	0.0127	0.0118	0.0118	0.0118	0.0118	0.0118	0.0118	0.0118	0.0118	0.0118	0.0118	0.0118	0.0118	0.012	0.0118
  _	0.0124	0.0123	0.0123	0.0123	0.0128	0.0126	0.0128	0.0123	0.0123	0.0123	0.0124	0.0123	0.0123	0.0123	0.0123	0.0123	0.0123	0.0123	0.0123	0.0124	0.0123	0.0123	0.0147	0.0125	0.0138	0.0123	0.0123	0.0123	0.0124	0.0124	0	0.0123	0.0123	0.0123	0.0123	0.0123	0.0123	0.0123	0.0123	0.0123	0.0123	0.0123	0.0123	0.0126	0.0123	0.0123	0.013	0.0123	0.0123	0.0123	0.0123	0.0123	0.0123	0.0123	0.0124	0.0123	0.0123	0.0123	0.0123	0.0123	0.0123	0.0123	0.0123	0.0123	0.0123	0.0123	0.0123	0.0123	0.0123	0.0123	0.0123	0.0123	0.0131	0.0123	0.0123	0.0123	0.0123	0.0123	0.0123	0.0123	0.0123
  `	0.0123	0.0123	0.0123	0.0123	0.0127	0.0126	0.0127	0.0123	0.0123	0.0123	0.0123	0.0123	0.0123	0.0123	0.0123	0.0123	0.0123	0.0123	0.0123	0.0128	0.0123	0.0123	0.0123	0.0123	0.0123	0.0123	0.0123	0.0163	0.0123	0.0138	0.0123	0	0.0123	0.0123	0.0169	0.0123	0.0123	0.0123	0.0123	0.0123	0.0123	0.0123	0.0123	0.0123	0.0123	0.0123	0.014	0.0123	0.0123	0.0123	0.0123	0.0123	0.0123	0.0123	0.0123	0.0123	0.0123	0.0123	0.0123	0.0123	0.0123	0.0123	0.0123	0.0123	0.0123	0.0123	0.0143	0.0123	0.0123	0.0123	0.0123	0.0123	0.0123	0.0123	0.0123	0.0123	0.0123	0.0123	0.0123	0.0123	0.0123
  a	0.0123	0.0123	0.0123	0.0123	0.0128	0.0126	0.0128	0.0123	0.0123	0.0123	0.0123	0.0123	0.0123	0.0123	0.0167	0.0123	0.0123	0.0123	0.0123	0.0128	0.0123	0.0123	0.0123	0.0123	0.0123	0.0136	0.0123	0.0123	0.0123	0.0123	0.0123	0.0123	0	0.0123	0.0123	0.0123	0.0123	0.0123	0.0123	0.0123	0.0123	0.0123	0.0123	0.0123	0.0123	0.0123	0.0146	0.0123	0.0123	0.014	0.0126	0.0123	0.0123	0.0123	0.0123	0.0123	0.0123	0.0123	0.0123	0.0123	0.0123	0.0123	0.0123	0.0123	0.0123	0.0123	0.0123	0.0123	0.0123	0.0123	0.0123	0.0123	0.0123	0.0123	0.0123	0.0125	0.0123	0.0123	0.0123	0.0123	0.0123
  b	0.0125	0.0125	0.0124	0.0124	0.0129	0.0127	0.0129	0.0188	0.0124	0.0124	0.0125	0.0124	0.0125	0.0124	0.0125	0.0124	0.0124	0.0124	0.0124	0.0125	0.0124	0.0124	0.0124	0.0124	0.0125	0.0124	0.0124	0.0124	0.0125	0.0125	0.0124	0.0124	0.0124	0	0.0124	0.0137	0.0124	0.0124	0.0124	0.0124	0.0124	0.0124	0.0124	0.0125	0.0124	0.0124	0.0131	0.0124	0.0124	0.0124	0.0124	0.0124	0.0124	0.0124	0.0124	0.0124	0.0124	0.0124	0.0124	0.0124	0.0124	0.0124	0.0124	0.0124	0.0124	0.0124	0.0124	0.0144	0.0124	0.0133	0.0124	0.0124	0.0124	0.0124	0.0124	0.0124	0.0125	0.0124	0.0124	0.0124	0.0145
  c	0.0121	0.012	0.012	0.012	0.0125	0.0123	0.0125	0.012	0.0123	0.012	0.0175	0.012	0.0174	0.012	0.012	0.0122	0.012	0.012	0.012	0.0126	0.012	0.012	0.012	0.012	0.012	0.012	0.012	0.012	0.0121	0.0121	0.012	0.0165	0.012	0.012	0	0.012	0.012	0.012	0.012	0.012	0.012	0.012	0.012	0.012	0.012	0.012	0.024	0.012	0.012	0.012	0.012	0.012	0.012	0.0121	0.0121	0.012	0.012	0.012	0.012	0.012	0.012	0.012	0.012	0.012	0.012	0.012	0.0134	0.012	0.012	0.012	0.012	0.012	0.012	0.0123	0.012	0.0121	0.012	0.012	0.012	0.012	0.012
  d	0.0123	0.0123	0.0123	0.0123	0.0127	0.0126	0.0128	0.0123	0.0123	0.0123	0.0123	0.0123	0.0123	0.0123	0.0123	0.0123	0.0123	0.0123	0.0123	0.0123	0.0123	0.0123	0.0123	0.0123	0.0123	0.0123	0.0123	0.0123	0.0123	0.0123	0.0123	0.0123	0.0123	0.0135	0.0123	0	0.0123	0.0123	0.0123	0.0123	0.0123	0.0123	0.0123	0.0123	0.0123	0.0123	0.013	0.0123	0.0123	0.0123	0.0123	0.0123	0.0123	0.0123	0.0123	0.0123	0.0123	0.0123	0.0123	0.0123	0.0123	0.0123	0.0123	0.0123	0.0123	0.0123	0.0123	0.0148	0.0123	0.0168	0.0123	0.0123	0.0123	0.0123	0.0123	0.0123	0.0123	0.0123	0.0123	0.0123	0.0127
  e	0.0122	0.0122	0.0121	0.0121	0.0126	0.0182	0.013	0.0122	0.0121	0.0121	0.0122	0.0121	0.0122	0.0121	0.0122	0.0121	0.0121	0.0121	0.0121	0.0122	0.0121	0.0121	0.0121	0.0121	0.0122	0.0121	0.0121	0.0121	0.0122	0.0122	0.0121	0.0121	0.0121	0.0122	0.0122	0.0121	0	0.0121	0.0121	0.0121	0.0121	0.0121	0.0121	0.0122	0.0121	0.0121	0.0128	0.0121	0.0121	0.0121	0.0121	0.0121	0.0121	0.0121	0.0121	0.0121	0.0121	0.0121	0.0121	0.0121	0.0121	0.0121	0.0121	0.0121	0.0121	0.0121	0.0122	0.0121	0.0121	0.0121	0.0121	0.0121	0.0121	0.0121	0.0121	0.0121	0.0121	0.0121	0.0121	0.0121	0.0121
  f	0.0123	0.0123	0.0123	0.0123	0.0128	0.0126	0.0128	0.0123	0.0123	0.0123	0.0123	0.0123	0.0123	0.0123	0.0123	0.0123	0.0123	0.0123	0.0123	0.0123	0.0132	0.0123	0.0123	0.0123	0.0123	0.0123	0.0123	0.0123	0.0123	0.0123	0.0123	0.0123	0.0123	0.0123	0.0123	0.0123	0.0123	0	0.0123	0.0123	0.0123	0.0123	0.0123	0.0144	0.0123	0.0123	0.013	0.0123	0.0123	0.0123	0.0123	0.0123	0.0123	0.0123	0.0123	0.0123	0.0123	0.0123	0.0123	0.0123	0.0123	0.0123	0.0123	0.0123	0.0123	0.0123	0.0127	0.0123	0.0123	0.0123	0.0123	0.0123	0.0123	0.0123	0.0123	0.0123	0.0123	0.0123	0.0123	0.0123	0.0123
  g	0.0124	0.0123	0.0123	0.0123	0.0128	0.0126	0.0128	0.0123	0.0123	0.0123	0.0123	0.0123	0.0124	0.0123	0.0123	0.0123	0.0123	0.0123	0.0123	0.0123	0.0123	0.0123	0.0123	0.0123	0.0123	0.0123	0.0123	0.0123	0.0124	0.0124	0.0123	0.0123	0.0123	0.0123	0.0123	0.0123	0.0123	0.0123	0	0.0123	0.0123	0.0123	0.0123	0.0124	0.0123	0.0123	0.0131	0.0123	0.0123	0.0123	0.0123	0.0123	0.0123	0.0123	0.0183	0.0123	0.0123	0.0123	0.0123	0.0123	0.0123	0.0123	0.0123	0.0123	0.0124	0.0123	0.0123	0.0123	0.0123	0.0123	0.0123	0.0123	0.0123	0.0123	0.0123	0.0123	0.0123	0.0123	0.0123	0.0123	0.0123
  h	0.0123	0.0123	0.0123	0.0123	0.0127	0.0126	0.0127	0.0123	0.0123	0.0123	0.0123	0.0123	0.0123	0.0123	0.0123	0.0123	0.0123	0.0123	0.0123	0.0123	0.0123	0.0123	0.0123	0.0123	0.0123	0.0123	0.0123	0.0123	0.0123	0.0123	0.0123	0.0123	0.0123	0.0123	0.0123	0.0123	0.0123	0.0123	0.0123	0	0.0123	0.0123	0.0123	0.0183	0.0123	0.0123	0.013	0.0123	0.0123	0.0123	0.0123	0.0123	0.0123	0.0123	0.0123	0.0123	0.0123	0.0123	0.0123	0.0123	0.0123	0.0123	0.0123	0.0123	0.0123	0.0123	0.0123	0.0123	0.0123	0.0123	0.0123	0.0123	0.0123	0.0123	0.0123	0.0123	0.0123	0.0123	0.0123	0.0123	0.0123
  i	0.0124	0.0123	0.0123	0.0123	0.0128	0.0126	0.0128	0.0123	0.0123	0.0123	0.0123	0.0123	0.0123	0.0123	0.0123	0.0123	0.0123	0.0123	0.0123	0.0123	0.0123	0.0123	0.0123	0.0123	0.0123	0.0123	0.0123	0.0123	0.0123	0.0124	0.0123	0.0123	0.0123	0.0123	0.0123	0.0123	0.0123	0.0123	0.0123	0.0123	0	0.0123	0.0164	0.0139	0.0124	0.0123	0.013	0.0123	0.0123	0.0123	0.0123	0.0123	0.0123	0.0123	0.0123	0.0123	0.0123	0.0123	0.0123	0.0123	0.0123	0.0123	0.0123	0.0123	0.0123	0.0123	0.0123	0.0123	0.0123	0.0123	0.0123	0.0123	0.0123	0.0123	0.0123	0.0123	0.0123	0.0123	0.0123	0.0123	0.0123
  j	0.0124	0.0123	0.0123	0.0123	0.0128	0.0126	0.0128	0.0123	0.0123	0.0123	0.0123	0.0123	0.0123	0.0123	0.0123	0.0123	0.0123	0.0123	0.0123	0.0123	0.0123	0.0123	0.0123	0.0124	0.0123	0.0123	0.0123	0.0123	0.0145	0.0124	0.0123	0.0123	0.0123	0.0123	0.0123	0.0123	0.0123	0.0123	0.0123	0.0123	0.0123	0	0.0123	0.0156	0.0123	0.0123	0.013	0.0123	0.0123	0.0123	0.0123	0.0123	0.0123	0.0123	0.0123	0.0123	0.0123	0.0123	0.0123	0.0123	0.0123	0.0123	0.0123	0.0123	0.0123	0.0123	0.0123	0.0123	0.0123	0.0123	0.0123	0.0123	0.0123	0.0123	0.0123	0.0123	0.0123	0.0123	0.0123	0.0123	0.0126
  k	0.0124	0.0123	0.0123	0.0123	0.0128	0.0126	0.0128	0.0123	0.0123	0.0123	0.0123	0.0123	0.0123	0.0123	0.0123	0.0123	0.0123	0.0123	0.0123	0.0123	0.0123	0.0123	0.0123	0.0123	0.0123	0.0123	0.0123	0.0123	0.0123	0.0124	0.0123	0.0123	0.0123	0.0123	0.0123	0.0123	0.0123	0.0123	0.0123	0.0123	0.0164	0.0123	0	0.0139	0.0124	0.0123	0.013	0.0123	0.0123	0.0123	0.0123	0.0123	0.0123	0.0123	0.0123	0.0123	0.0123	0.0123	0.0123	0.0123	0.0123	0.0123	0.0123	0.0123	0.0123	0.0123	0.0123	0.0123	0.0123	0.0123	0.0123	0.0123	0.0123	0.0123	0.0123	0.0123	0.0123	0.0123	0.0123	0.0123	0.0123
  l	0.012	0.012	0.012	0.012	0.0127	0.0123	0.022	0.012	0.012	0.012	0.012	0.012	0.012	0.012	0.012	0.012	0.012	0.012	0.012	0.012	0.0122	0.012	0.0121	0.013	0.012	0.012	0.012	0.0175	0.0131	0.0121	0.0122	0.012	0.012	0.012	0.012	0.012	0.012	0.014	0.012	0.0178	0.0134	0.0152	0.0134	0	0.0175	0.0123	0.0161	0.0123	0.0123	0.012	0.0121	0.012	0.012	0.012	0.0133	0.0129	0.012	0.0122	0.012	0.0122	0.012	0.012	0.012	0.012	0.012	0.012	0.0123	0.012	0.012	0.012	0.012	0.012	0.0121	0.012	0.012	0.012	0.012	0.012	0.012	0.012	0.0135
  m	0.0123	0.0123	0.0123	0.0123	0.0128	0.0126	0.0128	0.0123	0.0123	0.0123	0.0123	0.0123	0.0123	0.0123	0.0123	0.0123	0.0123	0.0123	0.0123	0.0123	0.0123	0.0123	0.0123	0.0123	0.0123	0.0123	0.0123	0.0123	0.0123	0.0123	0.0123	0.0123	0.0123	0.0123	0.0123	0.0123	0.0123	0.0123	0.0123	0.0123	0.0123	0.0123	0.0123	0.018	0	0.0123	0.013	0.0123	0.0123	0.0123	0.0123	0.0123	0.0123	0.0123	0.0123	0.0123	0.0123	0.0123	0.0123	0.0123	0.0123	0.0123	0.0123	0.0123	0.0123	0.0123	0.0123	0.0123	0.0123	0.0123	0.0123	0.0123	0.0123	0.0123	0.0123	0.0123	0.0123	0.0123	0.0123	0.0123	0.0123
  n	0.0124	0.0124	0.0123	0.0123	0.0128	0.0126	0.0128	0.0123	0.0123	0.0123	0.0124	0.0123	0.0124	0.0123	0.0124	0.0123	0.0123	0.0123	0.0123	0.0124	0.0123	0.0123	0.0123	0.0123	0.0124	0.0123	0.0123	0.0123	0.0124	0.0124	0.0123	0.0123	0.0123	0.0123	0.0124	0.0123	0.0123	0.0123	0.0123	0.0123	0.0123	0.0123	0.0123	0.0127	0.0123	0	0.0133	0.013	0.0189	0.0141	0.0126	0.0123	0.0123	0.0123	0.0123	0.0152	0.0123	0.0123	0.0123	0.0123	0.0125	0.0123	0.0123	0.0123	0.0123	0.0123	0.0124	0.0123	0.0123	0.0123	0.0123	0.0123	0.0123	0.0123	0.0123	0.0123	0.0123	0.0123	0.0123	0.0123	0.0123
  o	0.0134	0.0133	0.0133	0.0133	0.0139	0.0137	0.0139	0.0133	0.0142	0.0134	0.0196	0.0258	0.015	0.0201	0.0134	0.0143	0.0133	0.0133	0.0135	0.017	0.0134	0.0133	0.0134	0.0133	0.0133	0.016	0.0135	0.0135	0.0201	0.0223	0.0133	0.0144	0.015	0.0134	0.0252	0.0133	0.0133	0.0133	0.0134	0.0133	0.0133	0.0133	0.0133	0.017	0.0133	0.0136	0	0.0136	0.0136	0.0175	0.0135	0.0182	0.0133	0.0138	0.0316	0.0135	0.0135	0.0134	0.0134	0.0133	0.0135	0.0221	0.0134	0.0133	0.0136	0.0133	0.0195	0.0133	0.0133	0.0133	0.0134	0.0133	0.0137	0.0164	0.0137	0.0139	0.0133	0.0133	0.0133	0.0133	0.0133
  p	0.0123	0.0123	0.0123	0.0123	0.0127	0.0126	0.0128	0.0123	0.0123	0.0123	0.0123	0.0123	0.0123	0.0123	0.0123	0.0123	0.0123	0.0123	0.0123	0.0123	0.0123	0.0123	0.0123	0.0123	0.0123	0.0123	0.0123	0.0123	0.0123	0.0123	0.0123	0.0123	0.0123	0.0123	0.0123	0.0123	0.0123	0.0123	0.0123	0.0123	0.0123	0.0123	0.0123	0.0127	0.0123	0.013	0.0133	0	0.0129	0.0123	0.0143	0.0123	0.0123	0.0123	0.0123	0.0123	0.0123	0.0123	0.0123	0.0123	0.0137	0.0123	0.0123	0.0123	0.0123	0.0123	0.0123	0.0123	0.0123	0.0123	0.0123	0.0123	0.0123	0.0123	0.0123	0.0123	0.0123	0.0123	0.0123	0.0123	0.0123
  q	0.0124	0.0124	0.0124	0.0123	0.0128	0.0127	0.0128	0.0124	0.0124	0.0123	0.0124	0.0124	0.0124	0.0123	0.0124	0.0123	0.0123	0.0123	0.0124	0.0124	0.0124	0.0123	0.0124	0.0124	0.0124	0.0124	0.0123	0.0123	0.0124	0.0124	0.0123	0.0123	0.0124	0.0124	0.0124	0.0123	0.0123	0.0124	0.0123	0.0123	0.0123	0.0123	0.0123	0.0127	0.0123	0.0189	0.0133	0.013	0	0.0167	0.0126	0.0124	0.0123	0.0123	0.0124	0.0132	0.0123	0.0123	0.0123	0.0123	0.0125	0.0123	0.0123	0.0123	0.0124	0.0123	0.0124	0.0123	0.0123	0.0123	0.0123	0.0123	0.0123	0.0123	0.0124	0.0123	0.0124	0.0123	0.0123	0.0124	0.0124
  r	0.0122	0.0122	0.0122	0.0122	0.0127	0.0125	0.0127	0.0122	0.0122	0.0122	0.0122	0.0122	0.0122	0.0122	0.0122	0.0122	0.0122	0.0122	0.0122	0.0122	0.0122	0.0122	0.0122	0.0122	0.0122	0.0122	0.0122	0.0122	0.0122	0.0123	0.0122	0.0122	0.0139	0.0122	0.0122	0.0122	0.0122	0.0122	0.0122	0.0122	0.0122	0.0122	0.0122	0.0122	0.0122	0.0139	0.0169	0.0122	0.0165	0	0.0122	0.0122	0.0122	0.0122	0.0122	0.0129	0.0122	0.0122	0.0122	0.0122	0.0122	0.0122	0.0122	0.0122	0.0122	0.0122	0.0122	0.0122	0.0122	0.0122	0.0122	0.0122	0.0122	0.0122	0.0122	0.0123	0.0122	0.0122	0.0122	0.0122	0.0122
  s	0.0125	0.0124	0.0124	0.0124	0.0129	0.0127	0.0129	0.0124	0.0124	0.0124	0.0124	0.0124	0.0124	0.0124	0.0131	0.0124	0.0124	0.0124	0.0124	0.0162	0.0124	0.0124	0.0124	0.0124	0.0124	0.0134	0.0124	0.0124	0.0124	0.0125	0.0124	0.0124	0.0128	0.0124	0.0124	0.0124	0.0124	0.0124	0.0124	0.0124	0.0124	0.0124	0.0124	0.0126	0.0124	0.0127	0.0132	0.0145	0.0126	0.0124	0	0.0124	0.0124	0.0124	0.0124	0.0124	0.0124	0.0124	0.0124	0.0124	0.0166	0.0124	0.0124	0.0124	0.0124	0.0124	0.0124	0.0124	0.0124	0.0124	0.0124	0.0124	0.0124	0.0124	0.0124	0.0124	0.0124	0.0124	0.0124	0.0124	0.0124
  t	0.0122	0.0122	0.0121	0.0121	0.0126	0.0124	0.0126	0.0122	0.0121	0.0121	0.0122	0.0121	0.0129	0.0121	0.0122	0.0121	0.0121	0.0121	0.0121	0.0122	0.0121	0.0121	0.0121	0.0121	0.0122	0.0121	0.0121	0.0121	0.0126	0.0122	0.0121	0.0121	0.0122	0.0122	0.0122	0.0121	0.0121	0.0121	0.0121	0.0121	0.0121	0.0121	0.0121	0.0122	0.0121	0.0121	0.0175	0.0121	0.0121	0.0121	0.0121	0	0.0137	0.0121	0.0121	0.0122	0.0121	0.0121	0.0121	0.0121	0.0121	0.0121	0.0121	0.0121	0.0121	0.0121	0.0141	0.0121	0.0125	0.0121	0.0121	0.0121	0.0121	0.0121	0.0121	0.0122	0.0121	0.0121	0.0121	0.0121	0.0121
  u	0.0124	0.0123	0.0123	0.0123	0.0128	0.0126	0.0128	0.0123	0.0123	0.0123	0.0123	0.0123	0.0123	0.0123	0.0123	0.0123	0.0123	0.0123	0.0123	0.0123	0.0123	0.0123	0.0123	0.0123	0.0123	0.0123	0.0123	0.0123	0.0123	0.0124	0.0123	0.0123	0.0123	0.0123	0.0123	0.0123	0.0123	0.0123	0.0123	0.0123	0.0123	0.0123	0.0123	0.0123	0.0123	0.0123	0.013	0.0123	0.0123	0.0123	0.0123	0.0139	0	0.0123	0.0123	0.0123	0.0123	0.0123	0.0123	0.0123	0.0123	0.0123	0.0123	0.0123	0.0123	0.0123	0.013	0.0123	0.0135	0.0123	0.0123	0.0123	0.0123	0.0123	0.0123	0.0123	0.0123	0.0123	0.0123	0.0123	0.0123
  v	0.0123	0.0123	0.0122	0.0122	0.0127	0.0125	0.0127	0.0122	0.0122	0.0122	0.0122	0.0122	0.0123	0.0122	0.0122	0.0122	0.0122	0.0122	0.0122	0.0123	0.0122	0.0122	0.0122	0.0122	0.0122	0.0122	0.0122	0.0122	0.0123	0.0123	0.0122	0.0122	0.0122	0.0122	0.0124	0.0122	0.0122	0.0122	0.0122	0.0122	0.0122	0.0122	0.0122	0.0123	0.0122	0.0122	0.0134	0.0122	0.0122	0.0122	0.0122	0.0122	0.0122	0	0.0122	0.0122	0.0122	0.0122	0.0122	0.0122	0.0122	0.0122	0.0122	0.0122	0.0122	0.0122	0.0123	0.0122	0.0122	0.0122	0.0122	0.0122	0.0122	0.0122	0.0122	0.0174	0.0122	0.0122	0.0122	0.0122	0.0122
  w	0.0114	0.0114	0.0114	0.0114	0.0119	0.0155	0.0134	0.0114	0.0114	0.0114	0.0114	0.0114	0.0115	0.0114	0.0114	0.0114	0.0114	0.0114	0.0114	0.0114	0.0114	0.0114	0.0115	0.0153	0.0116	0.0114	0.0114	0.0114	0.0115	0.0114	0.0114	0.0114	0.0114	0.0114	0.0115	0.0114	0.0114	0.0114	0.0169	0.0114	0.0114	0.0114	0.0114	0.0127	0.0114	0.0114	0.0285	0.0114	0.0114	0.0114	0.0114	0.0114	0.0114	0.0114	0	0.0114	0.0114	0.0115	0.0114	0.0114	0.0114	0.017	0.0163	0.0114	0.0159	0.0114	0.0114	0.0114	0.0114	0.0114	0.0114	0.0114	0.0114	0.0114	0.0114	0.0114	0.0114	0.0114	0.0114	0.0114	0.0114
  x	0.0125	0.0124	0.0124	0.0124	0.0129	0.0127	0.0129	0.0124	0.0124	0.0124	0.0124	0.0124	0.0125	0.0124	0.0124	0.0124	0.0124	0.0124	0.0124	0.0124	0.0124	0.0124	0.0124	0.0124	0.0124	0.0124	0.0124	0.0124	0.0125	0.0125	0.0124	0.0124	0.0124	0.0124	0.0124	0.0124	0.0124	0.0124	0.0124	0.0124	0.0124	0.0124	0.0124	0.0134	0.0124	0.0153	0.0133	0.0124	0.0133	0.0132	0.0124	0.0125	0.0124	0.0124	0.0124	0	0.0142	0.0141	0.0141	0.0141	0.0124	0.0124	0.0124	0.0124	0.0124	0.0124	0.0124	0.0124	0.0124	0.0124	0.013	0.0124	0.0124	0.0124	0.0124	0.0129	0.0124	0.0124	0.0124	0.0124	0.0124
  y	0.0124	0.0123	0.0123	0.0123	0.0128	0.0126	0.0128	0.0123	0.0123	0.0123	0.0123	0.0123	0.0124	0.0123	0.0123	0.0123	0.0123	0.0123	0.0123	0.0124	0.0123	0.0123	0.0123	0.0123	0.0123	0.0126	0.0123	0.0123	0.0124	0.0124	0.0123	0.0123	0.0123	0.0123	0.0123	0.0123	0.0123	0.0123	0.0123	0.0123	0.0123	0.0123	0.0123	0.0124	0.0123	0.0123	0.0132	0.0123	0.0123	0.0123	0.0123	0.0123	0.0123	0.0123	0.0123	0.0141	0	0.0123	0.0168	0.0123	0.0123	0.0123	0.0123	0.0123	0.0123	0.0123	0.0123	0.0123	0.0123	0.0123	0.0125	0.0123	0.0177	0.0123	0.0123	0.0125	0.0123	0.0123	0.0123	0.0123	0.0123
  z	0.0124	0.0123	0.0123	0.0123	0.0128	0.0158	0.0156	0.0123	0.0123	0.0141	0.0123	0.0166	0.0123	0.0123	0.0128	0.0123	0.0123	0.0123	0.0123	0.0123	0.0123	0.0123	0.0123	0.0123	0.0123	0.0123	0.0123	0.0123	0.0124	0.0124	0.0123	0.0123	0.0123	0.0123	0.0123	0.0123	0.0123	0.0123	0.0123	0.0123	0.0123	0.0123	0.0123	0.0126	0.0123	0.0123	0.0131	0.0123	0.0123	0.0123	0.0123	0.0123	0.0123	0.0123	0.0125	0.014	0.0123	0	0.0123	0.0167	0.0123	0.0123	0.0123	0.0123	0.0123	0.0175	0.0123	0.0123	0.0123	0.0123	0.0123	0.0123	0.0123	0.0123	0.0123	0.0123	0.0123	0.0123	0.0123	0.0123	0.0123
  {	0.0125	0.0125	0.0125	0.0124	0.0129	0.0128	0.0129	0.0125	0.0125	0.0124	0.0125	0.0125	0.0125	0.0124	0.0125	0.0124	0.0124	0.0124	0.0125	0.0125	0.0125	0.0124	0.0125	0.0125	0.0125	0.0125	0.0124	0.0124	0.0125	0.0125	0.0124	0.0124	0.0125	0.0125	0.0125	0.0124	0.0124	0.0125	0.0124	0.0124	0.0124	0.0124	0.0124	0.0125	0.0124	0.0124	0.0132	0.0124	0.0124	0.0124	0.0124	0.0125	0.0125	0.0124	0.0125	0.0142	0.017	0.0124	0	0.0124	0.0124	0.0124	0.0124	0.0124	0.0125	0.0124	0.0125	0.0124	0.0186	0.0124	0.0126	0.0124	0.0125	0.0124	0.0125	0.0126	0.0125	0.0124	0.0124	0.0125	0.0125
  |	0.0124	0.0123	0.0123	0.0123	0.0128	0.0126	0.0128	0.0123	0.0123	0.0123	0.0123	0.0123	0.0123	0.0123	0.0123	0.0123	0.0123	0.0123	0.0123	0.0123	0.0123	0.0123	0.0123	0.0123	0.0123	0.0123	0.0123	0.0123	0.0124	0.0124	0.0123	0.0123	0.0123	0.0123	0.0123	0.0123	0.0123	0.0123	0.0123	0.0123	0.0123	0.0123	0.0123	0.0126	0.0123	0.0123	0.013	0.0123	0.0123	0.0123	0.0123	0.0123	0.0123	0.0123	0.0123	0.014	0.0123	0.0167	0.0123	0	0.0123	0.0123	0.0123	0.0123	0.0123	0.0123	0.0123	0.0123	0.0123	0.0123	0.0123	0.0123	0.0123	0.0123	0.0123	0.0157	0.0123	0.0123	0.0123	0.0146	0.0123
  }	0.0125	0.0125	0.0125	0.0125	0.013	0.0128	0.013	0.0125	0.0125	0.0125	0.0185	0.0125	0.0125	0.0126	0.0125	0.0125	0.0125	0.0125	0.0125	0.0125	0.0125	0.0125	0.0125	0.0125	0.0125	0.0125	0.0125	0.0125	0.0125	0.0125	0.0125	0.0125	0.0125	0.0125	0.0125	0.0125	0.0125	0.0125	0.0125	0.0125	0.0125	0.0125	0.0125	0.0126	0.0125	0.0127	0.0133	0.0139	0.0126	0.0125	0.0166	0.0125	0.0125	0.0125	0.0125	0.0125	0.0125	0.0125	0.0125	0.0125	0	0.0125	0.0125	0.0125	0.0125	0.0125	0.0125	0.0125	0.0125	0.0125	0.0125	0.0125	0.0125	0.0125	0.0125	0.0125	0.0125	0.0125	0.0125	0.0125	0.0125
  ~	0.012	0.012	0.012	0.012	0.0124	0.0143	0.0162	0.012	0.012	0.012	0.012	0.012	0.0121	0.012	0.012	0.012	0.012	0.012	0.012	0.012	0.012	0.012	0.012	0.012	0.012	0.012	0.012	0.012	0.0152	0.0187	0.012	0.012	0.012	0.012	0.012	0.012	0.012	0.012	0.012	0.012	0.012	0.012	0.012	0.012	0.012	0.012	0.021	0.012	0.012	0.012	0.012	0.012	0.012	0.012	0.0179	0.012	0.012	0.012	0.012	0.012	0.012	0	0.012	0.012	0.012	0.012	0.012	0.012	0.012	0.012	0.012	0.012	0.012	0.012	0.012	0.012	0.012	0.012	0.012	0.012	0.012
  	0.012	0.012	0.012	0.012	0.024	0.0124	0.0124	0.012	0.012	0.012	0.012	0.012	0.012	0.012	0.012	0.012	0.012	0.012	0.012	0.012	0.012	0.012	0.012	0.012	0.012	0.012	0.0119	0.012	0.012	0.012	0.012	0.012	0.012	0.012	0.012	0.012	0.0119	0.012	0.012	0.0119	0.012	0.012	0.012	0.012	0.012	0.012	0.0127	0.012	0.012	0.012	0.012	0.012	0.012	0.012	0.0172	0.012	0.012	0.012	0.012	0.012	0.012	0.012	0	0.0119	0.012	0.012	0.012	0.012	0.012	0.012	0.012	0.012	0.012	0.012	0.012	0.012	0.012	0.012	0.0119	0.012	0.012
  	0.0124	0.0124	0.0123	0.0123	0.0128	0.0126	0.0128	0.0123	0.0123	0.0123	0.0124	0.0123	0.0124	0.0123	0.0124	0.0123	0.0123	0.0123	0.0123	0.0124	0.0123	0.0123	0.0123	0.0123	0.0124	0.0123	0.0123	0.0123	0.0124	0.0124	0.0123	0.0123	0.0123	0.0123	0.0124	0.0123	0.0123	0.0123	0.0123	0.0123	0.0123	0.0123	0.0123	0.0124	0.0123	0.0123	0.013	0.0123	0.0123	0.0123	0.0123	0.0123	0.0123	0.0123	0.0123	0.0123	0.0123	0.0123	0.0123	0.0123	0.0123	0.0123	0.0123	0	0.0123	0.0124	0.0184	0.0123	0.0123	0.0123	0.0123	0.0123	0.0123	0.0123	0.0123	0.0123	0.0123	0.0123	0.0123	0.0123	0.0123
  	0.0125	0.0125	0.0124	0.0124	0.013	0.0128	0.013	0.0125	0.0124	0.0124	0.0125	0.0124	0.0127	0.0124	0.0125	0.0124	0.0124	0.0124	0.0124	0.0125	0.0125	0.0124	0.0173	0.0125	0.0125	0.0124	0.0124	0.0124	0.0125	0.0125	0.0124	0.0124	0.0125	0.0125	0.0125	0.0124	0.0124	0.0124	0.0125	0.0124	0.0124	0.0124	0.0124	0.0125	0.0124	0.0124	0.0134	0.0124	0.0124	0.0124	0.0124	0.0124	0.0124	0.0124	0.0174	0.0125	0.0124	0.0124	0.0124	0.0124	0.0124	0.0124	0.0124	0.0124	0	0.0124	0.0125	0.0124	0.0124	0.0124	0.0124	0.0124	0.0124	0.0124	0.0124	0.0124	0.0124	0.0124	0.0124	0.0124	0.0124
  	0.0123	0.0123	0.0122	0.0122	0.0189	0.0125	0.0127	0.0122	0.0122	0.0122	0.0122	0.0122	0.0123	0.0122	0.0126	0.0122	0.0122	0.0122	0.0122	0.0123	0.0122	0.0122	0.0122	0.0122	0.0122	0.0122	0.0122	0.0122	0.0123	0.0123	0.0122	0.0122	0.0122	0.0122	0.0122	0.0122	0.0122	0.0122	0.0122	0.0122	0.0122	0.0122	0.0122	0.0123	0.0122	0.0122	0.0129	0.0122	0.0122	0.0122	0.0122	0.0122	0.0122	0.0122	0.0122	0.0122	0.0122	0.0173	0.0122	0.0122	0.0122	0.0122	0.0122	0.0123	0.0122	0	0.0182	0.0122	0.0122	0.0122	0.0122	0.0122	0.0122	0.0122	0.0123	0.0122	0.0122	0.0122	0.0122	0.0122	0.0122
  	0.0123	0.0123	0.0123	0.0122	0.0127	0.0126	0.0127	0.0123	0.0123	0.0122	0.0123	0.0123	0.0125	0.0122	0.0123	0.0122	0.0122	0.0122	0.0123	0.0141	0.0173	0.0122	0.0123	0.0123	0.0123	0.0123	0.0122	0.0122	0.0126	0.0132	0.0122	0.0143	0.0123	0.0123	0.0136	0.0122	0.0122	0.0126	0.0122	0.0122	0.0122	0.0122	0.0122	0.0126	0.0122	0.0122	0.0189	0.0122	0.0122	0.0122	0.0122	0.0142	0.0129	0.0122	0.0123	0.0123	0.0122	0.0122	0.0122	0.0122	0.0122	0.0122	0.0122	0.0183	0.0123	0.0182	0	0.0122	0.0122	0.0122	0.0122	0.0133	0.0171	0.0122	0.0163	0.0177	0.0123	0.0122	0.0122	0.0123	0.0123
  	0.0124	0.0124	0.0124	0.0124	0.0128	0.0127	0.0129	0.0124	0.0124	0.0124	0.0124	0.0124	0.0124	0.0124	0.0124	0.0124	0.0124	0.0124	0.0124	0.0124	0.0124	0.0124	0.0124	0.0124	0.0124	0.0124	0.0124	0.0124	0.0124	0.0124	0.0124	0.0124	0.0124	0.0144	0.0124	0.0149	0.0124	0.0124	0.0124	0.0124	0.0124	0.0124	0.0124	0.0124	0.0124	0.0124	0.0131	0.0124	0.0124	0.0124	0.0124	0.0124	0.0124	0.0124	0.0124	0.0124	0.0124	0.0124	0.0124	0.0124	0.0124	0.0124	0.0124	0.0124	0.0124	0.0124	0.0124	0	0.0124	0.0127	0.0124	0.0124	0.0124	0.0124	0.0124	0.0124	0.0124	0.0124	0.0124	0.0124	0.0133
  	0.0123	0.0123	0.0122	0.0122	0.0127	0.0125	0.0127	0.0123	0.0122	0.0122	0.0123	0.0122	0.0123	0.0122	0.0123	0.0122	0.0122	0.0122	0.0122	0.0123	0.0122	0.0122	0.0122	0.0122	0.0123	0.0122	0.0122	0.0122	0.0123	0.0123	0.0122	0.0122	0.0123	0.0123	0.0123	0.0122	0.0122	0.0122	0.0122	0.0122	0.0122	0.0122	0.0122	0.0123	0.0122	0.0122	0.0129	0.0122	0.0122	0.0122	0.0122	0.0126	0.0134	0.0122	0.0122	0.0122	0.0122	0.0122	0.0183	0.0122	0.0122	0.0122	0.0122	0.0122	0.0122	0.0122	0.0123	0.0122	0	0.0122	0.0122	0.0122	0.0122	0.0122	0.0122	0.0122	0.0122	0.0122	0.0122	0.0122	0.0122
  	0.0124	0.0124	0.0124	0.0124	0.0129	0.0127	0.0129	0.0124	0.0124	0.0124	0.0124	0.0124	0.0124	0.0124	0.0124	0.0124	0.0124	0.0124	0.0124	0.0124	0.0124	0.0124	0.0124	0.0124	0.0124	0.0124	0.0124	0.0124	0.0124	0.0124	0.0124	0.0124	0.0124	0.0132	0.0124	0.0169	0.0124	0.0124	0.0124	0.0124	0.0124	0.0124	0.0124	0.0124	0.0124	0.0124	0.0131	0.0124	0.0124	0.0124	0.0124	0.0124	0.0124	0.0124	0.0124	0.0124	0.0124	0.0124	0.0124	0.0124	0.0124	0.0124	0.0124	0.0124	0.0124	0.0124	0.0124	0.0127	0.0124	0	0.0124	0.0124	0.0124	0.0124	0.0124	0.0124	0.0124	0.0124	0.0124	0.0124	0.0128
  	0.0123	0.0123	0.0123	0.0123	0.0128	0.0126	0.0128	0.0123	0.0123	0.0123	0.0123	0.0123	0.0123	0.0123	0.0123	0.0123	0.0123	0.0123	0.0123	0.0123	0.0123	0.0123	0.0123	0.0123	0.0123	0.0123	0.0123	0.0123	0.0123	0.0123	0.0123	0.0123	0.0123	0.0123	0.0123	0.0123	0.0123	0.0123	0.0123	0.0123	0.0123	0.0123	0.0123	0.0123	0.0123	0.0123	0.013	0.0123	0.0123	0.0123	0.0123	0.0123	0.0123	0.0123	0.0123	0.0128	0.0124	0.0123	0.0124	0.0123	0.0123	0.0123	0.0123	0.0123	0.0123	0.0123	0.0123	0.0123	0.0123	0.0123	0	0.0123	0.0123	0.0123	0.0123	0.0172	0.0123	0.0123	0.0123	0.0123	0.0123
  	0.0123	0.0123	0.0123	0.0123	0.0128	0.0126	0.0128	0.0123	0.0123	0.0123	0.0123	0.0123	0.0123	0.0123	0.0123	0.0123	0.0123	0.0123	0.0123	0.0123	0.0123	0.0123	0.0123	0.0123	0.0123	0.0123	0.0123	0.0123	0.0123	0.0123	0.0123	0.0123	0.0123	0.0123	0.0123	0.0123	0.0123	0.0123	0.0123	0.0123	0.0123	0.0123	0.0123	0.0123	0.0123	0.0123	0.013	0.0123	0.0123	0.0123	0.0123	0.0123	0.0123	0.0123	0.0123	0.0123	0.0123	0.0123	0.0123	0.0123	0.0123	0.0123	0.0123	0.0123	0.0123	0.0123	0.0133	0.0123	0.0123	0.0123	0.0123	0	0.0123	0.0123	0.0168	0.0123	0.0123	0.0123	0.0123	0.0123	0.0123
  	0.0126	0.0126	0.0126	0.0126	0.0131	0.0129	0.0131	0.0126	0.0126	0.0126	0.0126	0.0126	0.0126	0.0126	0.0126	0.0126	0.0126	0.0126	0.0126	0.0126	0.0126	0.0126	0.0171	0.0126	0.0133	0.0128	0.0126	0.0126	0.0126	0.0126	0.0134	0.0126	0.0126	0.0126	0.0126	0.0126	0.0126	0.0126	0.0126	0.0126	0.0126	0.0126	0.0126	0.0127	0.0126	0.0126	0.0136	0.0126	0.0126	0.0126	0.0126	0.0126	0.0126	0.0126	0.0126	0.0126	0.018	0.0126	0.0126	0.0126	0.0126	0.0126	0.0126	0.0126	0.0126	0.0126	0.0175	0.0126	0.0126	0.0126	0.0126	0.0126	0	0.0126	0.0194	0.0126	0.0126	0.0126	0.0126	0.0126	0.0126
  	0.0122	0.0122	0.0122	0.0122	0.0127	0.0125	0.0127	0.0122	0.0138	0.0122	0.0122	0.0122	0.0122	0.0122	0.0122	0.0131	0.0122	0.0122	0.0122	0.0122	0.0122	0.0122	0.0122	0.0122	0.0122	0.0122	0.0122	0.0122	0.0122	0.0123	0.0122	0.0122	0.0122	0.0122	0.0125	0.0122	0.0122	0.0122	0.0122	0.0122	0.0122	0.0122	0.0122	0.0122	0.0122	0.0122	0.0159	0.0122	0.0122	0.0122	0.0122	0.0122	0.0122	0.0122	0.0122	0.0122	0.0122	0.0122	0.0122	0.0122	0.0122	0.0122	0.0122	0.0122	0.0122	0.0122	0.0122	0.0122	0.0122	0.0122	0.0122	0.0122	0.0122	0	0.0122	0.0122	0.0122	0.0122	0.0122	0.0122	0.0122
  	0.0123	0.0122	0.0122	0.0122	0.0189	0.0125	0.0127	0.0122	0.0122	0.0122	0.0122	0.0122	0.0123	0.0122	0.0122	0.0122	0.0122	0.0122	0.0122	0.0123	0.0122	0.0122	0.0122	0.0122	0.0122	0.0122	0.0122	0.0122	0.0123	0.0123	0.0122	0.0122	0.0122	0.0122	0.0122	0.0122	0.0122	0.0122	0.0122	0.0122	0.0122	0.0122	0.0122	0.0123	0.0122	0.0122	0.0133	0.0122	0.0122	0.0122	0.0122	0.0122	0.0122	0.0122	0.0122	0.0122	0.0122	0.0122	0.0122	0.0122	0.0122	0.0122	0.0122	0.0122	0.0122	0.0122	0.0163	0.0122	0.0122	0.0122	0.0122	0.0167	0.0189	0.0122	0	0.0122	0.0122	0.0122	0.0122	0.0122	0.0122
  	0.0126	0.0126	0.0126	0.0126	0.0131	0.0129	0.0131	0.0126	0.0126	0.0126	0.0126	0.0126	0.0127	0.0126	0.0126	0.0126	0.0126	0.0126	0.0126	0.0126	0.0126	0.0126	0.0126	0.0126	0.0126	0.0126	0.0126	0.0126	0.0126	0.0127	0.0126	0.0126	0.0128	0.0126	0.0127	0.0126	0.0126	0.0126	0.0126	0.0126	0.0126	0.0126	0.0126	0.0126	0.0126	0.0126	0.0139	0.0126	0.0126	0.0127	0.0126	0.0126	0.0126	0.0179	0.0126	0.0131	0.0127	0.0126	0.0127	0.0161	0.0126	0.0126	0.0126	0.0126	0.0126	0.0126	0.0182	0.0126	0.0126	0.0126	0.0176	0.0126	0.0126	0.0126	0.0126	0	0.0126	0.0126	0.0126	0.0152	0.0126
  	0.0123	0.0123	0.0123	0.0122	0.0127	0.0125	0.0127	0.0123	0.0122	0.0122	0.0123	0.0122	0.0123	0.0122	0.0123	0.0122	0.0122	0.0122	0.0122	0.0124	0.0123	0.0122	0.0123	0.0123	0.0123	0.0123	0.0122	0.0122	0.0123	0.0123	0.0122	0.0122	0.0123	0.0123	0.0123	0.0123	0.0122	0.0123	0.0122	0.0122	0.0122	0.0122	0.0122	0.0123	0.0122	0.0122	0.0129	0.0122	0.0122	0.0122	0.0122	0.0123	0.0122	0.0122	0.0123	0.0123	0.0122	0.0122	0.0122	0.0122	0.0122	0.0122	0.0122	0.0122	0.0123	0.0122	0.0123	0.0123	0.0122	0.0122	0.0122	0.0122	0.0122	0.0122	0.0122	0.0122	0	0.0138	0.0122	0.0123	0.0229
  	0.0122	0.0121	0.0121	0.0121	0.0126	0.0124	0.0188	0.0121	0.0121	0.0121	0.0121	0.0121	0.0121	0.0121	0.0121	0.0121	0.0121	0.0121	0.0121	0.0121	0.0121	0.0121	0.0121	0.0121	0.0121	0.0121	0.0121	0.0121	0.0121	0.0122	0.0121	0.0121	0.0121	0.0121	0.0121	0.0121	0.0121	0.0121	0.0121	0.0121	0.0121	0.0121	0.0121	0.0122	0.0121	0.0121	0.0128	0.0121	0.0121	0.0121	0.0121	0.0121	0.0121	0.0121	0.0121	0.0121	0.0121	0.0121	0.0121	0.0121	0.0121	0.0121	0.0121	0.0121	0.0121	0.0121	0.0121	0.0121	0.0121	0.0121	0.0121	0.0121	0.0121	0.0121	0.0121	0.0121	0.0137	0	0.0121	0.0139	0.0173
  	0.0122	0.0121	0.0121	0.0121	0.0126	0.0124	0.0188	0.0121	0.0121	0.0121	0.0121	0.0121	0.0122	0.0121	0.0121	0.0121	0.0121	0.0121	0.0121	0.0122	0.0121	0.0121	0.0121	0.0121	0.0121	0.0121	0.0121	0.0121	0.0122	0.0122	0.0121	0.0121	0.0121	0.0121	0.0121	0.0121	0.0121	0.0121	0.0121	0.0121	0.0121	0.0121	0.0121	0.0122	0.0121	0.0121	0.0128	0.0121	0.0121	0.0121	0.0121	0.0121	0.0121	0.0121	0.0121	0.0121	0.0121	0.0121	0.0121	0.0121	0.0121	0.0121	0.0121	0.0121	0.0121	0.0121	0.0121	0.0121	0.0121	0.0121	0.0121	0.0121	0.0121	0.0121	0.0121	0.0121	0.0121	0.0121	0	0.0121	0.0182
  	0.0123	0.0122	0.0122	0.0122	0.0127	0.0187	0.0127	0.0122	0.0122	0.0122	0.0122	0.0122	0.0122	0.0122	0.0122	0.0122	0.0122	0.0122	0.0122	0.0122	0.0122	0.0122	0.0122	0.0122	0.0122	0.0122	0.0122	0.0122	0.0124	0.0124	0.0122	0.0122	0.0122	0.0122	0.0122	0.0122	0.0122	0.0122	0.0122	0.0122	0.0122	0.0122	0.0122	0.0123	0.0122	0.0122	0.0129	0.0122	0.0122	0.0122	0.0122	0.0122	0.0122	0.0122	0.0122	0.0122	0.0122	0.0122	0.0122	0.0145	0.0122	0.0122	0.0122	0.0122	0.0122	0.0122	0.0122	0.0122	0.0122	0.0122	0.0122	0.0122	0.0122	0.0122	0.0122	0.0147	0.0122	0.014	0.0122	0	0.0122
  	0.0124	0.0123	0.0123	0.0123	0.0128	0.0126	0.0191	0.0127	0.0123	0.0123	0.0123	0.0123	0.0124	0.0123	0.0123	0.0123	0.0123	0.0123	0.0123	0.0124	0.0123	0.0123	0.0123	0.0124	0.0123	0.0123	0.0123	0.0123	0.0166	0.0124	0.0123	0.0123	0.0123	0.0144	0.0123	0.0128	0.0123	0.0123	0.0123	0.0123	0.0123	0.0126	0.0123	0.0139	0.0123	0.0123	0.013	0.0123	0.0123	0.0123	0.0123	0.0123	0.0123	0.0123	0.0123	0.0123	0.0123	0.0123	0.0123	0.0123	0.0123	0.0123	0.0123	0.0123	0.0123	0.0123	0.0123	0.0133	0.0123	0.0127	0.0123	0.0123	0.0123	0.0123	0.0123	0.0123	0.023	0.0176	0.0185	0.0123	0
