Map from character to field name
A:	Benin
B:	Brazil
C:	Burkina Faso
D:	Cameroon
E:	Cameroon: Babadjou
F:	Cameroon: Bafoussam
G:	Cameroon: Baigon
H:	Cameroon: Bali
I:	Cameroon: Batibo
J:	Cameroon: Beahango Mbangassina
K:	Cameroon: Ekoroko
L:	Cameroon: Jakiri
M:	Cameroon: Karna -Manga
N:	Cameroon: Kella
O:	Cameroon: Kontan Bali
P:	Cameroon: Malarba II
Q:	Cameroon: Mandjou
R:	Cameroon: Mankon
S:	Cameroon: Mayo Baleo
T:	Cameroon: Mbele Mbeke
U:	Cameroon: Mbonge
V:	Cameroon: Mile 40 village
W:	Cameroon: Ndji Batchinga
X:	Cameroon: Nem -ne
Y:	Cameroon: Ngaounyanga
Z:	Cameroon: Nguette- Ntui
[:	Cameroon: Tagboum
\:	Cuba: Villa Clara
]:	France:Guadeloupe
^:	French Guiana
_:	Ghana
`:	Nigeria
a:	Nigeria: Adaka
b:	Nigeria: Aloshi
c:	Nigeria: Alumaco
d:	Nigeria: Ame
e:	Nigeria: Daribokor
f:	Nigeria: Ekpe
g:	Nigeria: Faketsa
h:	Nigeria: Hembakwase
i:	Nigeria: Lasiri
j:	Nigeria: Makakusa
k:	Nigeria: Meccakusa
l:	Puerto Rico
m:	Togo
n:	?


Substitution rate (mu): 18.420068

Equilibrium frequencies (pi_i):
  A: 0.0166
  B: 0.0293
  C: 0.0188
  D: 0.016
  E: 0.0253
  F: 0.0262
  G: 0.0263
  H: 0.0295
  I: 0.024
  J: 0.0293
  K: 0.0219
  L: 0.0262
  M: 0.0284
  N: 0.0241
  O: 0.0247
  P: 0.0295
  Q: 0.029
  R: 0.027
  S: 0.0243
  T: 0.029
  U: 0.0236
  V: 0.027
  W: 0.0293
  X: 0.0266
  Y: 0.0278
  Z: 0.0266
  [: 0.0295
  \: 0.024
  ]: 0.0223
  ^: 0.0267
  _: 0.0044
  `: 0.0219
  a: 0.011
  b: 0.0115
  c: 0.0096
  d: 0.0125
  e: 0.0231
  f: 0.011
  g: 0.0142
  h: 0.0166
  i: 0.013
  j: 0.0168
  k: 0.0125
  l: 0.0297
  m: 0.0231

Symmetrized rates from j->i (W_ij):
	A	B	C	D	E	F	G	H	I	J	K	L	M	N	O	P	Q	R	S	T	U	V	W	X	Y	Z	[	\	]	^	_	`	a	b	c	d	e	f	g	h	i	j	k	l	m
  A	0	0.9808	1.159	1.8734	0.9806	0.9808	0.9806	0.9808	0.9808	0.9808	0.9806	0.9808	0.9805	0.9806	0.9808	0.9808	0.9808	0.9808	0.981	0.9808	0.9808	1.2874	0.9808	0.9806	0.9806	0.9809	0.9808	0.9807	0.9814	0.9812	1.374	2.6505	0.9837	0.993	0.9803	0.9807	0.9808	0.9806	0.9808	0.9808	0.9808	0.9808	0.9807	0.9807	0.9808
  B	0.9808	0	0.9807	0.9798	0.9805	0.9809	0.9805	0.9809	0.9809	0.9809	0.9805	0.9809	0.9805	0.9805	0.9809	0.9809	0.9809	0.9809	0.9809	0.9809	0.9809	0.9808	0.9809	0.9805	0.9805	0.9809	0.9809	1.5595	1.2256	0.9813	0.9697	0.9432	0.9801	0.9798	0.9797	0.9805	0.9809	0.9802	0.9807	0.9808	0.9807	0.9808	0.9804	0.9809	0.9809
  C	1.159	0.9807	0	1.2051	0.9805	0.9807	0.9805	0.9807	0.9807	0.9807	0.9805	0.9807	0.9804	0.9804	0.9807	0.9807	0.9807	0.9807	0.9809	0.9807	0.9807	0.9807	0.9807	0.9804	0.9805	0.9808	0.9807	0.9805	0.9812	0.9811	1.3184	1.9738	0.9803	0.9802	0.9801	0.9805	0.9807	0.9804	0.9806	0.9807	0.9806	0.9807	0.9805	0.9807	0.9807
  D	1.8734	0.9798	1.2051	0	0.9797	0.9799	1.1761	0.9797	0.9799	0.9798	0.9798	0.9799	0.9795	0.9797	0.98	0.9797	0.9798	0.9799	0.9803	0.9798	0.98	0.9799	0.9798	0.9796	1.333	0.9801	0.9797	0.9798	0.9809	0.9805	2.2854	2.6741	0.9802	0.9801	0.9801	0.9803	0.98	0.9802	0.9804	0.9803	0.9804	0.9802	0.9803	0.9797	0.98
  E	0.9806	0.9805	0.9805	0.9797	0	0.9805	0.9802	0.9805	0.9805	0.9805	0.9802	0.9805	0.9804	0.9802	0.9805	0.9805	0.9805	0.9805	0.9806	0.9805	0.9805	0.9805	0.9805	0.9802	0.9802	0.9806	0.9805	0.9802	0.9808	0.9808	0.9711	1.2538	0.98	1.0323	0.9797	0.9803	0.9806	0.9801	0.9805	0.9805	0.9805	0.9806	1.0687	0.9805	0.9805
  F	0.9808	0.9809	0.9807	0.9799	0.9805	0	0.9806	0.9809	0.9809	0.9809	0.9805	1.515	0.9805	0.9805	0.9809	0.9809	0.9809	0.9809	0.981	0.9809	0.9809	0.9809	0.9809	0.9805	0.9806	0.981	0.9809	0.9806	0.9811	0.9812	0.9709	1.1772	0.9802	0.98	0.9798	0.9806	0.9809	0.9803	0.9807	0.9808	0.9807	0.9808	0.9804	0.9809	0.9809
  G	0.9806	0.9805	0.9805	1.1761	0.9802	0.9806	0	1.2202	0.9805	1.045	0.9802	0.9806	0.9801	0.9802	0.9805	1.2202	0.9805	0.9806	0.9807	0.9805	0.9805	0.9805	1.045	0.9802	0.9817	0.9806	1.2202	0.9802	0.9808	0.9808	1.0742	1.1968	0.98	0.9798	0.9797	0.9804	0.9806	0.9801	0.9805	0.9806	0.9805	0.9806	0.9802	0.9805	0.9806
  H	0.9808	0.9809	0.9807	0.9797	0.9805	0.9809	1.2202	0	0.9809	1.0455	0.9805	0.9809	0.9805	0.9805	0.9809	1.2203	0.9809	0.9809	0.9809	0.9809	0.9809	0.9808	1.0455	0.9805	0.9805	0.9809	1.2203	0.9805	0.981	0.9811	1.0699	0.9168	0.98	0.9797	0.9796	0.9804	0.9809	0.9801	0.9806	0.9807	0.9806	0.9808	0.9803	0.9809	0.9809
  I	0.9808	0.9809	0.9807	0.9799	0.9805	0.9809	0.9805	0.9809	0	0.9809	0.9805	0.9809	0.9805	0.9805	0.9809	0.9809	0.9809	0.9809	0.981	0.9809	0.9808	0.9808	0.9809	0.9805	0.9805	0.9809	0.9809	0.9806	0.9811	0.9811	1.0104	1.3563	0.9802	0.98	0.9798	0.9805	0.9808	0.9803	0.9807	0.9807	0.9806	0.9808	0.9804	0.9808	0.9808
  J	0.9808	0.9809	0.9807	0.9798	0.9805	0.9809	1.045	1.0455	0.9809	0	0.9805	0.9809	0.9805	0.9805	0.9809	1.0455	0.981	0.981	0.981	0.981	0.9809	0.9809	1.4443	0.9805	0.9805	0.981	1.0455	0.9805	0.981	0.9811	1.1516	0.9174	0.9801	0.9798	0.9796	0.9805	0.9809	0.9801	0.9806	0.9808	0.9806	0.9808	0.9803	0.9809	0.9809
  K	0.9806	0.9805	0.9805	0.9798	0.9802	0.9805	0.9802	0.9805	0.9805	0.9805	0	0.9805	0.9802	0.9802	0.9805	0.9805	0.9805	0.9805	0.9807	0.9805	0.9805	0.9804	0.9805	0.9802	0.9802	0.9806	0.9805	0.9803	0.9809	0.9808	1.239	1.607	0.9801	0.9799	0.9798	0.9804	0.9805	0.9817	0.9805	0.9805	0.9805	0.9805	0.9803	0.9804	0.9805
  L	0.9808	0.9809	0.9807	0.9799	0.9805	1.515	0.9806	0.9809	0.9809	0.9809	0.9805	0	0.9805	0.9805	0.9809	0.9809	0.9809	0.9809	0.981	0.9809	0.9809	0.9809	0.9809	0.9805	0.9806	0.981	0.9809	0.9806	0.9811	0.9812	0.9709	1.1772	0.9802	0.98	0.9798	0.9806	0.9809	0.9803	0.9807	0.9808	0.9807	0.9808	0.9804	0.9809	0.9809
  M	0.9805	0.9805	0.9804	0.9795	0.9804	0.9805	0.9801	0.9805	0.9805	0.9805	0.9802	0.9805	0	0.9801	0.9805	0.9805	0.9805	0.9805	0.9806	0.9805	0.9805	0.9805	0.9805	0.9801	0.9801	0.9806	0.9805	0.9802	0.9807	0.9807	0.9699	1.0065	0.9799	1.2904	0.9795	0.9803	0.9806	0.9801	0.9804	0.9805	0.9805	0.9805	1.0658	0.9805	0.9806
  N	0.9806	0.9805	0.9804	0.9797	0.9802	0.9805	0.9802	0.9805	0.9805	0.9805	0.9802	0.9805	0.9801	0	0.9805	0.9805	0.9805	0.9805	0.9806	0.9805	0.9805	0.9804	0.9805	0.9802	0.9802	0.9806	0.9805	0.9802	0.9808	0.9808	0.9755	1.3652	0.98	0.9931	0.9797	0.9803	0.9805	0.9801	0.9805	0.9805	0.9905	0.9805	0.9802	0.9804	0.9805
  O	0.9808	0.9809	0.9807	0.98	0.9805	0.9809	0.9805	0.9809	0.9809	0.9809	0.9805	0.9809	0.9805	0.9805	0	0.9809	0.9809	0.9913	0.9927	0.9809	0.9808	0.9808	0.9809	0.9805	0.9805	0.9809	0.9809	0.9806	0.9811	0.9811	1.097	1.2812	0.9802	0.98	0.9799	0.9805	0.9809	0.9803	0.9807	0.9808	0.9807	0.9808	0.9804	0.9808	0.9809
  P	0.9808	0.9809	0.9807	0.9797	0.9805	0.9809	1.2202	1.2203	0.9809	1.0455	0.9805	0.9809	0.9805	0.9805	0.9809	0	0.9809	0.9809	0.9809	0.9809	0.9809	0.9808	1.0455	0.9805	0.9805	0.9809	1.2203	0.9805	0.981	0.9811	1.0699	0.9168	0.98	0.9797	0.9796	0.9804	0.9809	0.9801	0.9806	0.9807	0.9806	0.9808	0.9803	0.9809	0.9809
  Q	0.9808	0.9809	0.9807	0.9798	0.9805	0.9809	0.9805	0.9809	0.9809	0.981	0.9805	0.9809	0.9805	0.9805	0.9809	0.9809	0	0.9809	0.9809	1.4439	0.9809	0.9808	0.981	0.9805	0.9805	0.9809	0.9809	0.9805	0.981	0.9811	1.267	0.9179	0.98	0.9798	0.9797	0.9804	0.9809	0.9801	0.9806	0.9807	0.9806	0.9808	0.9803	0.9809	0.9809
  R	0.9808	0.9809	0.9807	0.9799	0.9805	0.9809	0.9806	0.9809	0.9809	0.981	0.9805	0.9809	0.9805	0.9805	0.9913	0.9809	0.9809	0	1.5284	0.9809	0.9809	0.9809	0.981	0.9805	0.9805	0.9811	0.9809	0.9806	0.9811	0.9812	1.0247	1.1029	0.9802	0.9799	0.9798	0.9805	0.9809	0.9803	0.9807	0.9808	0.9807	0.9808	0.9804	0.9809	0.9809
  S	0.981	0.9809	0.9809	0.9803	0.9806	0.981	0.9807	0.9809	0.981	0.981	0.9807	0.981	0.9806	0.9806	0.9927	0.9809	0.9809	1.5284	0	0.9809	0.981	0.9809	0.981	0.9806	0.9806	1.5473	0.9809	0.9807	0.9813	0.9813	1.0286	1.389	0.9805	0.9803	0.9802	0.9808	0.981	0.9806	0.9809	0.981	0.9809	0.981	0.9807	0.9809	0.981
  T	0.9808	0.9809	0.9807	0.9798	0.9805	0.9809	0.9805	0.9809	0.9809	0.981	0.9805	0.9809	0.9805	0.9805	0.9809	0.9809	1.4439	0.9809	0.9809	0	0.9809	0.9808	0.981	0.9805	0.9805	0.9809	0.9809	0.9805	0.981	0.9811	1.267	0.9179	0.98	0.9798	0.9797	0.9804	0.9809	0.9801	0.9806	0.9807	0.9806	0.9808	0.9803	0.9809	0.9809
  U	0.9808	0.9809	0.9807	0.98	0.9805	0.9809	0.9805	0.9809	0.9808	0.9809	0.9805	0.9809	0.9805	0.9805	0.9808	0.9809	0.9809	0.9809	0.981	0.9809	0	0.9808	0.9809	0.9805	0.9805	0.9809	0.9809	0.9806	0.9811	0.9811	0.9719	1.4113	0.9802	0.98	0.9816	0.9805	0.9808	0.9803	0.9807	0.9807	0.9807	0.9808	0.9804	0.9808	0.9808
  V	1.2874	0.9808	0.9807	0.9799	0.9805	0.9809	0.9805	0.9808	0.9808	0.9809	0.9804	0.9809	0.9805	0.9804	0.9808	0.9808	0.9808	0.9809	0.9809	0.9808	0.9808	0	0.9809	0.9805	0.9805	0.9809	0.9808	0.9805	0.981	0.9811	0.9707	1.112	0.9803	0.9806	0.9798	0.9805	0.9808	0.9802	0.9807	0.9807	0.9806	0.9808	0.9803	0.9808	0.9808
  W	0.9808	0.9809	0.9807	0.9798	0.9805	0.9809	1.045	1.0455	0.9809	1.4443	0.9805	0.9809	0.9805	0.9805	0.9809	1.0455	0.981	0.981	0.981	0.981	0.9809	0.9809	0	0.9805	0.9805	0.981	1.0455	0.9805	0.981	0.9811	1.1516	0.9174	0.9801	0.9798	0.9796	0.9805	0.9809	0.9801	0.9806	0.9808	0.9806	0.9808	0.9803	0.9809	0.9809
  X	0.9806	0.9805	0.9804	0.9796	0.9802	0.9805	0.9802	0.9805	0.9805	0.9805	0.9802	0.9805	0.9801	0.9802	0.9805	0.9805	0.9805	0.9805	0.9806	0.9805	0.9805	0.9805	0.9805	0	0.9801	0.9806	0.9805	0.9802	0.9808	0.9808	0.9706	1.1433	0.98	1.2337	0.9803	0.9803	0.9806	0.9801	0.9805	0.9805	0.9805	0.9806	0.9802	0.9805	0.9805
  Y	0.9806	0.9805	0.9805	1.333	0.9802	0.9806	0.9817	0.9805	0.9805	0.9805	0.9802	0.9806	0.9801	0.9802	0.9805	0.9805	0.9805	0.9805	0.9806	0.9805	0.9805	0.9805	0.9805	0.9801	0	0.9806	0.9805	0.9802	0.9807	0.9808	0.9713	1.0466	0.98	0.9797	0.9796	0.9803	0.9806	0.9801	0.9805	0.9805	0.9805	0.9806	0.9802	0.9805	0.9806
  Z	0.9809	0.9809	0.9808	0.9801	0.9806	0.981	0.9806	0.9809	0.9809	0.981	0.9806	0.981	0.9806	0.9806	0.9809	0.9809	0.9809	0.9811	1.5473	0.9809	0.9809	0.9809	0.981	0.9806	0.9806	0	0.9809	0.9806	0.9812	0.9812	0.9715	1.1414	0.9804	0.9801	0.98	0.9807	0.981	0.9804	0.9808	0.9809	0.9808	0.9809	0.9805	0.9809	0.981
  [	0.9808	0.9809	0.9807	0.9797	0.9805	0.9809	1.2202	1.2203	0.9809	1.0455	0.9805	0.9809	0.9805	0.9805	0.9809	1.2203	0.9809	0.9809	0.9809	0.9809	0.9809	0.9808	1.0455	0.9805	0.9805	0.9809	0	0.9805	0.981	0.9811	1.0699	0.9168	0.98	0.9797	0.9796	0.9804	0.9809	0.9801	0.9806	0.9807	0.9806	0.9808	0.9803	0.9809	0.9809
  \	0.9807	1.5595	0.9805	0.9798	0.9802	0.9806	0.9802	0.9805	0.9806	0.9805	0.9803	0.9806	0.9802	0.9802	0.9806	0.9805	0.9805	0.9806	0.9807	0.9805	0.9806	0.9805	0.9805	0.9802	0.9802	0.9806	0.9805	0	1.2368	0.981	0.9717	1.4257	0.9802	0.9799	0.9799	0.9805	0.9806	0.9803	0.9806	0.9806	0.9806	0.9806	0.9803	0.9806	0.9806
  ]	0.9814	1.2256	0.9812	0.9809	0.9808	0.9811	0.9808	0.981	0.9811	0.981	0.9809	0.9811	0.9807	0.9808	0.9811	0.981	0.981	0.9811	0.9813	0.981	0.9811	0.981	0.981	0.9808	0.9807	0.9812	0.981	1.2368	0	1.4945	0.9749	1.6176	0.9811	0.9809	0.9808	0.9813	0.9812	0.9812	0.9814	0.9813	0.9814	0.9813	0.9812	1.472	0.9812
  ^	0.9812	0.9813	0.9811	0.9805	0.9808	0.9812	0.9808	0.9811	0.9811	0.9811	0.9808	0.9812	0.9807	0.9808	0.9811	0.9811	0.9811	0.9812	0.9813	0.9811	0.9811	0.9811	0.9811	0.9808	0.9808	0.9812	0.9811	0.981	1.4945	0	0.9725	1.1333	0.9806	0.9804	0.9803	0.981	0.9812	0.9807	0.9811	0.9812	0.9811	0.9812	0.9808	0.9813	0.9812
  _	1.374	0.9697	1.3184	2.2854	0.9711	0.9709	1.0742	1.0699	1.0104	1.1516	1.239	0.9709	0.9699	0.9755	1.097	1.0699	1.267	1.0247	1.0286	1.267	0.9719	0.9707	1.1516	0.9706	0.9713	0.9715	1.0699	0.9717	0.9749	0.9725	0	17.6611	0.9771	0.9991	1.2805	1.0454	0.972	0.9853	0.9785	1.251	0.9798	0.9746	1.1379	0.9694	1.4135
  `	2.6505	0.9432	1.9738	2.6741	1.2538	1.1772	1.1968	0.9168	1.3563	0.9174	1.607	1.1772	1.0065	1.3652	1.2812	0.9168	0.9179	1.1029	1.389	0.9179	1.4113	1.112	0.9174	1.1433	1.0466	1.1414	0.9168	1.4257	1.6176	1.1333	17.6611	0	4.7883	4.714	5.9516	4.0259	1.5083	4.9016	3.3485	2.6628	3.8362	2.5231	4.037	0.9166	1.4404
  a	0.9837	0.9801	0.9803	0.9802	0.98	0.9802	0.98	0.98	0.9802	0.9801	0.9801	0.9802	0.9799	0.98	0.9802	0.98	0.98	0.9802	0.9805	0.98	0.9802	0.9803	0.9801	0.98	0.98	0.9804	0.98	0.9802	0.9811	0.9806	0.9771	4.7883	0	0.9916	1.1484	1.1592	1.369	1.1941	1.4163	0.9808	0.9805	0.9804	0.9804	0.98	0.9802
  b	0.993	0.9798	0.9802	0.9801	1.0323	0.98	0.9798	0.9797	0.98	0.9798	0.9799	0.98	1.2904	0.9931	0.98	0.9797	0.9798	0.9799	0.9803	0.9798	0.98	0.9806	0.9798	1.2337	0.9797	0.9801	0.9797	0.9799	0.9809	0.9804	0.9991	4.714	0.9916	0	0.9829	1.1191	0.98	1.4337	0.9804	1.0579	1.486	0.9803	1.5639	0.9797	0.98
  c	0.9803	0.9797	0.9801	0.9801	0.9797	0.9798	0.9797	0.9796	0.9798	0.9796	0.9798	0.9798	0.9795	0.9797	0.9799	0.9796	0.9797	0.9798	0.9802	0.9797	0.9816	0.9798	0.9796	0.9803	0.9796	0.98	0.9796	0.9799	0.9808	0.9803	1.2805	5.9516	1.1484	0.9829	0	0.9804	0.9799	1.6746	0.9803	1.6116	0.9804	0.9802	0.9804	0.9796	0.9799
  d	0.9807	0.9805	0.9805	0.9803	0.9803	0.9806	0.9804	0.9804	0.9805	0.9805	0.9804	0.9806	0.9803	0.9803	0.9805	0.9804	0.9804	0.9805	0.9808	0.9804	0.9805	0.9805	0.9805	0.9803	0.9803	0.9807	0.9804	0.9805	0.9813	0.981	1.0454	4.0259	1.1592	1.1191	0.9804	0	0.9805	1.1631	0.9857	1.2999	0.9811	0.9806	0.9806	0.9804	0.9805
  e	0.9808	0.9809	0.9807	0.98	0.9806	0.9809	0.9806	0.9809	0.9808	0.9809	0.9805	0.9809	0.9806	0.9805	0.9809	0.9809	0.9809	0.9809	0.981	0.9809	0.9808	0.9808	0.9809	0.9806	0.9806	0.981	0.9809	0.9806	0.9812	0.9812	0.972	1.5083	1.369	0.98	0.9799	0.9805	0	0.9803	1.0117	0.9826	0.9854	0.9808	0.9804	0.9809	0.9809
  f	0.9806	0.9802	0.9804	0.9802	0.9801	0.9803	0.9801	0.9801	0.9803	0.9801	0.9817	0.9803	0.9801	0.9801	0.9803	0.9801	0.9801	0.9803	0.9806	0.9801	0.9803	0.9802	0.9801	0.9801	0.9801	0.9804	0.9801	0.9803	0.9812	0.9807	0.9853	4.9016	1.1941	1.4337	1.6746	1.1631	0.9803	0	0.9805	0.981	1.0448	0.9869	1.1284	0.9801	0.9803
  g	0.9808	0.9807	0.9806	0.9804	0.9805	0.9807	0.9805	0.9806	0.9807	0.9806	0.9805	0.9807	0.9804	0.9805	0.9807	0.9806	0.9806	0.9807	0.9809	0.9806	0.9807	0.9807	0.9806	0.9805	0.9805	0.9808	0.9806	0.9806	0.9814	0.9811	0.9785	3.3485	1.4163	0.9804	0.9803	0.9857	1.0117	0.9805	0	0.9807	0.9807	0.9807	0.9819	0.9806	0.9807
  h	0.9808	0.9808	0.9807	0.9803	0.9805	0.9808	0.9806	0.9807	0.9807	0.9808	0.9805	0.9808	0.9805	0.9805	0.9808	0.9807	0.9807	0.9808	0.981	0.9807	0.9807	0.9807	0.9808	0.9805	0.9805	0.9809	0.9807	0.9806	0.9813	0.9812	1.251	2.6628	0.9808	1.0579	1.6116	1.2999	0.9826	0.981	0.9807	0	1.0345	0.9808	0.9806	0.9807	0.9808
  i	0.9808	0.9807	0.9806	0.9804	0.9805	0.9807	0.9805	0.9806	0.9806	0.9806	0.9805	0.9807	0.9805	0.9905	0.9807	0.9806	0.9806	0.9807	0.9809	0.9806	0.9807	0.9806	0.9806	0.9805	0.9805	0.9808	0.9806	0.9806	0.9814	0.9811	0.9798	3.8362	0.9805	1.486	0.9804	0.9811	0.9854	1.0448	0.9807	1.0345	0	0.9807	1.0848	0.9806	0.9814
  j	0.9808	0.9808	0.9807	0.9802	0.9806	0.9808	0.9806	0.9808	0.9808	0.9808	0.9805	0.9808	0.9805	0.9805	0.9808	0.9808	0.9808	0.9808	0.981	0.9808	0.9808	0.9808	0.9808	0.9806	0.9806	0.9809	0.9808	0.9806	0.9813	0.9812	0.9746	2.5231	0.9804	0.9803	0.9802	0.9806	0.9808	0.9869	0.9807	0.9808	0.9807	0	0.9805	0.9807	0.9808
  k	0.9807	0.9804	0.9805	0.9803	1.0687	0.9804	0.9802	0.9803	0.9804	0.9803	0.9803	0.9804	1.0658	0.9802	0.9804	0.9803	0.9803	0.9804	0.9807	0.9803	0.9804	0.9803	0.9803	0.9802	0.9802	0.9805	0.9803	0.9803	0.9812	0.9808	1.1379	4.037	0.9804	1.5639	0.9804	0.9806	0.9804	1.1284	0.9819	0.9806	1.0848	0.9805	0	0.9802	0.9804
  l	0.9807	0.9809	0.9807	0.9797	0.9805	0.9809	0.9805	0.9809	0.9808	0.9809	0.9804	0.9809	0.9805	0.9804	0.9808	0.9809	0.9809	0.9809	0.9809	0.9809	0.9808	0.9808	0.9809	0.9805	0.9805	0.9809	0.9809	0.9806	1.472	0.9813	0.9694	0.9166	0.98	0.9797	0.9796	0.9804	0.9809	0.9801	0.9806	0.9807	0.9806	0.9807	0.9802	0	0.9808
  m	0.9808	0.9809	0.9807	0.98	0.9805	0.9809	0.9806	0.9809	0.9808	0.9809	0.9805	0.9809	0.9806	0.9805	0.9809	0.9809	0.9809	0.9809	0.981	0.9809	0.9808	0.9808	0.9809	0.9805	0.9806	0.981	0.9809	0.9806	0.9812	0.9812	1.4135	1.4404	0.9802	0.98	0.9799	0.9805	0.9809	0.9803	0.9807	0.9808	0.9814	0.9808	0.9804	0.9808	0

Actual rates from j->i (Q_ij):
	A	B	C	D	E	F	G	H	I	J	K	L	M	N	O	P	Q	R	S	T	U	V	W	X	Y	Z	[	\	]	^	_	`	a	b	c	d	e	f	g	h	i	j	k	l	m
  A	0	0.0163	0.0193	0.0312	0.0163	0.0163	0.0163	0.0163	0.0163	0.0163	0.0163	0.0163	0.0163	0.0163	0.0163	0.0163	0.0163	0.0163	0.0163	0.0163	0.0163	0.0214	0.0163	0.0163	0.0163	0.0163	0.0163	0.0163	0.0163	0.0163	0.0229	0.0441	0.0164	0.0165	0.0163	0.0163	0.0163	0.0163	0.0163	0.0163	0.0163	0.0163	0.0163	0.0163	0.0163
  B	0.0288	0	0.0288	0.0287	0.0288	0.0288	0.0288	0.0288	0.0288	0.0288	0.0288	0.0288	0.0288	0.0288	0.0288	0.0288	0.0288	0.0288	0.0288	0.0288	0.0288	0.0288	0.0288	0.0288	0.0288	0.0288	0.0288	0.0458	0.036	0.0288	0.0284	0.0277	0.0288	0.0287	0.0287	0.0288	0.0288	0.0288	0.0288	0.0288	0.0288	0.0288	0.0288	0.0288	0.0288
  C	0.0218	0.0185	0	0.0227	0.0185	0.0185	0.0185	0.0185	0.0185	0.0185	0.0185	0.0185	0.0185	0.0185	0.0185	0.0185	0.0185	0.0185	0.0185	0.0185	0.0185	0.0185	0.0185	0.0185	0.0185	0.0185	0.0185	0.0185	0.0185	0.0185	0.0248	0.0372	0.0185	0.0185	0.0185	0.0185	0.0185	0.0185	0.0185	0.0185	0.0185	0.0185	0.0185	0.0185	0.0185
  D	0.03	0.0157	0.0193	0	0.0157	0.0157	0.0188	0.0157	0.0157	0.0157	0.0157	0.0157	0.0157	0.0157	0.0157	0.0157	0.0157	0.0157	0.0157	0.0157	0.0157	0.0157	0.0157	0.0157	0.0213	0.0157	0.0157	0.0157	0.0157	0.0157	0.0366	0.0428	0.0157	0.0157	0.0157	0.0157	0.0157	0.0157	0.0157	0.0157	0.0157	0.0157	0.0157	0.0157	0.0157
  E	0.0248	0.0248	0.0248	0.0248	0	0.0248	0.0248	0.0248	0.0248	0.0248	0.0248	0.0248	0.0248	0.0248	0.0248	0.0248	0.0248	0.0248	0.0248	0.0248	0.0248	0.0248	0.0248	0.0248	0.0248	0.0248	0.0248	0.0248	0.0248	0.0248	0.0245	0.0317	0.0248	0.0261	0.0248	0.0248	0.0248	0.0248	0.0248	0.0248	0.0248	0.0248	0.027	0.0248	0.0248
  F	0.0257	0.0257	0.0257	0.0257	0.0257	0	0.0257	0.0257	0.0257	0.0257	0.0257	0.0397	0.0257	0.0257	0.0257	0.0257	0.0257	0.0257	0.0257	0.0257	0.0257	0.0257	0.0257	0.0257	0.0257	0.0257	0.0257	0.0257	0.0257	0.0257	0.0254	0.0308	0.0257	0.0257	0.0257	0.0257	0.0257	0.0257	0.0257	0.0257	0.0257	0.0257	0.0257	0.0257	0.0257
  G	0.0258	0.0258	0.0258	0.031	0.0258	0.0258	0	0.0321	0.0258	0.0275	0.0258	0.0258	0.0258	0.0258	0.0258	0.0321	0.0258	0.0258	0.0258	0.0258	0.0258	0.0258	0.0275	0.0258	0.0258	0.0258	0.0321	0.0258	0.0258	0.0258	0.0283	0.0315	0.0258	0.0258	0.0258	0.0258	0.0258	0.0258	0.0258	0.0258	0.0258	0.0258	0.0258	0.0258	0.0258
  H	0.0289	0.0289	0.0289	0.0289	0.0289	0.0289	0.036	0	0.0289	0.0308	0.0289	0.0289	0.0289	0.0289	0.0289	0.036	0.0289	0.0289	0.0289	0.0289	0.0289	0.0289	0.0308	0.0289	0.0289	0.0289	0.036	0.0289	0.0289	0.0289	0.0316	0.027	0.0289	0.0289	0.0289	0.0289	0.0289	0.0289	0.0289	0.0289	0.0289	0.0289	0.0289	0.0289	0.0289
  I	0.0236	0.0236	0.0236	0.0236	0.0236	0.0236	0.0236	0.0236	0	0.0236	0.0236	0.0236	0.0236	0.0236	0.0236	0.0236	0.0236	0.0236	0.0236	0.0236	0.0236	0.0236	0.0236	0.0236	0.0236	0.0236	0.0236	0.0236	0.0236	0.0236	0.0243	0.0326	0.0236	0.0236	0.0236	0.0236	0.0236	0.0236	0.0236	0.0236	0.0236	0.0236	0.0236	0.0236	0.0236
  J	0.0288	0.0288	0.0288	0.0287	0.0288	0.0288	0.0306	0.0307	0.0288	0	0.0288	0.0288	0.0288	0.0288	0.0288	0.0307	0.0288	0.0288	0.0288	0.0288	0.0288	0.0288	0.0424	0.0288	0.0288	0.0288	0.0307	0.0288	0.0288	0.0288	0.0338	0.0269	0.0287	0.0287	0.0287	0.0288	0.0288	0.0287	0.0288	0.0288	0.0288	0.0288	0.0287	0.0288	0.0288
  K	0.0215	0.0215	0.0215	0.0215	0.0215	0.0215	0.0215	0.0215	0.0215	0.0215	0	0.0215	0.0215	0.0215	0.0215	0.0215	0.0215	0.0215	0.0215	0.0215	0.0215	0.0215	0.0215	0.0215	0.0215	0.0215	0.0215	0.0215	0.0215	0.0215	0.0272	0.0352	0.0215	0.0215	0.0215	0.0215	0.0215	0.0215	0.0215	0.0215	0.0215	0.0215	0.0215	0.0215	0.0215
  L	0.0257	0.0257	0.0257	0.0257	0.0257	0.0397	0.0257	0.0257	0.0257	0.0257	0.0257	0	0.0257	0.0257	0.0257	0.0257	0.0257	0.0257	0.0257	0.0257	0.0257	0.0257	0.0257	0.0257	0.0257	0.0257	0.0257	0.0257	0.0257	0.0257	0.0254	0.0308	0.0257	0.0257	0.0257	0.0257	0.0257	0.0257	0.0257	0.0257	0.0257	0.0257	0.0257	0.0257	0.0257
  M	0.0278	0.0278	0.0278	0.0278	0.0278	0.0278	0.0278	0.0278	0.0278	0.0278	0.0278	0.0278	0	0.0278	0.0278	0.0278	0.0278	0.0278	0.0278	0.0278	0.0278	0.0278	0.0278	0.0278	0.0278	0.0278	0.0278	0.0278	0.0278	0.0278	0.0275	0.0286	0.0278	0.0366	0.0278	0.0278	0.0278	0.0278	0.0278	0.0278	0.0278	0.0278	0.0302	0.0278	0.0278
  N	0.0236	0.0236	0.0236	0.0236	0.0236	0.0236	0.0236	0.0236	0.0236	0.0236	0.0236	0.0236	0.0236	0	0.0236	0.0236	0.0236	0.0236	0.0236	0.0236	0.0236	0.0236	0.0236	0.0236	0.0236	0.0236	0.0236	0.0236	0.0236	0.0236	0.0235	0.0329	0.0236	0.0239	0.0236	0.0236	0.0236	0.0236	0.0236	0.0236	0.0238	0.0236	0.0236	0.0236	0.0236
  O	0.0242	0.0242	0.0242	0.0242	0.0242	0.0242	0.0242	0.0242	0.0242	0.0242	0.0242	0.0242	0.0242	0.0242	0	0.0242	0.0242	0.0245	0.0245	0.0242	0.0242	0.0242	0.0242	0.0242	0.0242	0.0242	0.0242	0.0242	0.0242	0.0242	0.0271	0.0317	0.0242	0.0242	0.0242	0.0242	0.0242	0.0242	0.0242	0.0242	0.0242	0.0242	0.0242	0.0242	0.0242
  P	0.0289	0.0289	0.0289	0.0289	0.0289	0.0289	0.036	0.036	0.0289	0.0308	0.0289	0.0289	0.0289	0.0289	0.0289	0	0.0289	0.0289	0.0289	0.0289	0.0289	0.0289	0.0308	0.0289	0.0289	0.0289	0.036	0.0289	0.0289	0.0289	0.0316	0.027	0.0289	0.0289	0.0289	0.0289	0.0289	0.0289	0.0289	0.0289	0.0289	0.0289	0.0289	0.0289	0.0289
  Q	0.0285	0.0285	0.0285	0.0284	0.0284	0.0285	0.0284	0.0285	0.0285	0.0285	0.0284	0.0285	0.0284	0.0284	0.0285	0.0285	0	0.0285	0.0285	0.0419	0.0285	0.0285	0.0285	0.0284	0.0284	0.0285	0.0285	0.0284	0.0285	0.0285	0.0368	0.0266	0.0284	0.0284	0.0284	0.0284	0.0285	0.0284	0.0285	0.0285	0.0285	0.0285	0.0284	0.0285	0.0285
  R	0.0265	0.0265	0.0265	0.0264	0.0265	0.0265	0.0265	0.0265	0.0265	0.0265	0.0265	0.0265	0.0265	0.0265	0.0268	0.0265	0.0265	0	0.0412	0.0265	0.0265	0.0265	0.0265	0.0265	0.0265	0.0265	0.0265	0.0265	0.0265	0.0265	0.0277	0.0298	0.0265	0.0264	0.0264	0.0265	0.0265	0.0265	0.0265	0.0265	0.0265	0.0265	0.0265	0.0265	0.0265
  S	0.0239	0.0239	0.0239	0.0239	0.0239	0.0239	0.0239	0.0239	0.0239	0.0239	0.0239	0.0239	0.0239	0.0239	0.0242	0.0239	0.0239	0.0372	0	0.0239	0.0239	0.0239	0.0239	0.0239	0.0239	0.0377	0.0239	0.0239	0.0239	0.0239	0.025	0.0338	0.0239	0.0239	0.0239	0.0239	0.0239	0.0239	0.0239	0.0239	0.0239	0.0239	0.0239	0.0239	0.0239
  T	0.0285	0.0285	0.0285	0.0284	0.0284	0.0285	0.0284	0.0285	0.0285	0.0285	0.0284	0.0285	0.0284	0.0284	0.0285	0.0285	0.0419	0.0285	0.0285	0	0.0285	0.0285	0.0285	0.0284	0.0284	0.0285	0.0285	0.0284	0.0285	0.0285	0.0368	0.0266	0.0284	0.0284	0.0284	0.0284	0.0285	0.0284	0.0285	0.0285	0.0285	0.0285	0.0284	0.0285	0.0285
  U	0.0231	0.0231	0.0231	0.0231	0.0231	0.0231	0.0231	0.0231	0.0231	0.0231	0.0231	0.0231	0.0231	0.0231	0.0231	0.0231	0.0231	0.0231	0.0231	0.0231	0	0.0231	0.0231	0.0231	0.0231	0.0231	0.0231	0.0231	0.0231	0.0231	0.0229	0.0333	0.0231	0.0231	0.0231	0.0231	0.0231	0.0231	0.0231	0.0231	0.0231	0.0231	0.0231	0.0231	0.0231
  V	0.0347	0.0264	0.0264	0.0264	0.0264	0.0264	0.0264	0.0264	0.0264	0.0264	0.0264	0.0264	0.0264	0.0264	0.0264	0.0264	0.0264	0.0264	0.0264	0.0264	0.0264	0	0.0264	0.0264	0.0264	0.0264	0.0264	0.0264	0.0264	0.0264	0.0262	0.03	0.0264	0.0264	0.0264	0.0264	0.0264	0.0264	0.0264	0.0264	0.0264	0.0264	0.0264	0.0264	0.0264
  W	0.0288	0.0288	0.0288	0.0287	0.0288	0.0288	0.0306	0.0307	0.0288	0.0424	0.0288	0.0288	0.0288	0.0288	0.0288	0.0307	0.0288	0.0288	0.0288	0.0288	0.0288	0.0288	0	0.0288	0.0288	0.0288	0.0307	0.0288	0.0288	0.0288	0.0338	0.0269	0.0287	0.0287	0.0287	0.0288	0.0288	0.0287	0.0288	0.0288	0.0288	0.0288	0.0287	0.0288	0.0288
  X	0.026	0.026	0.026	0.026	0.026	0.026	0.026	0.026	0.026	0.026	0.026	0.026	0.026	0.026	0.026	0.026	0.026	0.026	0.0261	0.026	0.026	0.026	0.026	0	0.026	0.026	0.026	0.026	0.0261	0.0261	0.0258	0.0304	0.026	0.0328	0.026	0.026	0.026	0.026	0.026	0.026	0.026	0.026	0.026	0.026	0.026
  Y	0.0273	0.0273	0.0273	0.0371	0.0273	0.0273	0.0273	0.0273	0.0273	0.0273	0.0273	0.0273	0.0273	0.0273	0.0273	0.0273	0.0273	0.0273	0.0273	0.0273	0.0273	0.0273	0.0273	0.0273	0	0.0273	0.0273	0.0273	0.0273	0.0273	0.027	0.0291	0.0273	0.0272	0.0272	0.0273	0.0273	0.0273	0.0273	0.0273	0.0273	0.0273	0.0273	0.0273	0.0273
  Z	0.0261	0.0261	0.0261	0.0261	0.0261	0.0261	0.0261	0.0261	0.0261	0.0261	0.0261	0.0261	0.0261	0.0261	0.0261	0.0261	0.0261	0.0261	0.0412	0.0261	0.0261	0.0261	0.0261	0.0261	0.0261	0	0.0261	0.0261	0.0261	0.0261	0.0259	0.0304	0.0261	0.0261	0.0261	0.0261	0.0261	0.0261	0.0261	0.0261	0.0261	0.0261	0.0261	0.0261	0.0261
  [	0.0289	0.0289	0.0289	0.0289	0.0289	0.0289	0.036	0.036	0.0289	0.0308	0.0289	0.0289	0.0289	0.0289	0.0289	0.036	0.0289	0.0289	0.0289	0.0289	0.0289	0.0289	0.0308	0.0289	0.0289	0.0289	0	0.0289	0.0289	0.0289	0.0316	0.027	0.0289	0.0289	0.0289	0.0289	0.0289	0.0289	0.0289	0.0289	0.0289	0.0289	0.0289	0.0289	0.0289
  \	0.0236	0.0375	0.0236	0.0235	0.0236	0.0236	0.0236	0.0236	0.0236	0.0236	0.0236	0.0236	0.0236	0.0236	0.0236	0.0236	0.0236	0.0236	0.0236	0.0236	0.0236	0.0236	0.0236	0.0236	0.0236	0.0236	0.0236	0	0.0297	0.0236	0.0234	0.0343	0.0236	0.0235	0.0235	0.0236	0.0236	0.0236	0.0236	0.0236	0.0236	0.0236	0.0236	0.0236	0.0236
  ]	0.0219	0.0273	0.0219	0.0219	0.0219	0.0219	0.0219	0.0219	0.0219	0.0219	0.0219	0.0219	0.0219	0.0219	0.0219	0.0219	0.0219	0.0219	0.0219	0.0219	0.0219	0.0219	0.0219	0.0219	0.0219	0.0219	0.0219	0.0276	0	0.0333	0.0217	0.036	0.0219	0.0219	0.0219	0.0219	0.0219	0.0219	0.0219	0.0219	0.0219	0.0219	0.0219	0.0328	0.0219
  ^	0.0262	0.0262	0.0262	0.0262	0.0262	0.0262	0.0262	0.0262	0.0262	0.0262	0.0262	0.0262	0.0262	0.0262	0.0262	0.0262	0.0262	0.0262	0.0262	0.0262	0.0262	0.0262	0.0262	0.0262	0.0262	0.0262	0.0262	0.0262	0.0399	0	0.026	0.0303	0.0262	0.0262	0.0262	0.0262	0.0262	0.0262	0.0262	0.0262	0.0262	0.0262	0.0262	0.0262	0.0262
  _	0.0061	0.0043	0.0059	0.0101	0.0043	0.0043	0.0048	0.0047	0.0045	0.0051	0.0055	0.0043	0.0043	0.0043	0.0049	0.0047	0.0056	0.0045	0.0046	0.0056	0.0043	0.0043	0.0051	0.0043	0.0043	0.0043	0.0047	0.0043	0.0043	0.0043	0	0.0784	0.0043	0.0044	0.0057	0.0046	0.0043	0.0044	0.0043	0.0056	0.0043	0.0043	0.0051	0.0043	0.0063
  `	0.058	0.0206	0.0432	0.0585	0.0274	0.0258	0.0262	0.0201	0.0297	0.0201	0.0352	0.0258	0.022	0.0299	0.028	0.0201	0.0201	0.0241	0.0304	0.0201	0.0309	0.0243	0.0201	0.025	0.0229	0.025	0.0201	0.0312	0.0354	0.0248	0.3864	0	0.1048	0.1031	0.1302	0.0881	0.033	0.1072	0.0733	0.0583	0.0839	0.0552	0.0883	0.0201	0.0315
  a	0.0109	0.0108	0.0108	0.0108	0.0108	0.0108	0.0108	0.0108	0.0108	0.0108	0.0108	0.0108	0.0108	0.0108	0.0108	0.0108	0.0108	0.0108	0.0108	0.0108	0.0108	0.0108	0.0108	0.0108	0.0108	0.0108	0.0108	0.0108	0.0108	0.0108	0.0108	0.0528	0	0.0109	0.0127	0.0128	0.0151	0.0132	0.0156	0.0108	0.0108	0.0108	0.0108	0.0108	0.0108
  b	0.0114	0.0113	0.0113	0.0113	0.0119	0.0113	0.0113	0.0113	0.0113	0.0113	0.0113	0.0113	0.0148	0.0114	0.0113	0.0113	0.0113	0.0113	0.0113	0.0113	0.0113	0.0113	0.0113	0.0142	0.0113	0.0113	0.0113	0.0113	0.0113	0.0113	0.0115	0.0541	0.0114	0	0.0113	0.0129	0.0113	0.0165	0.0113	0.0122	0.0171	0.0113	0.018	0.0113	0.0113
  c	0.0094	0.0094	0.0094	0.0094	0.0094	0.0094	0.0094	0.0094	0.0094	0.0094	0.0094	0.0094	0.0094	0.0094	0.0094	0.0094	0.0094	0.0094	0.0094	0.0094	0.0094	0.0094	0.0094	0.0094	0.0094	0.0094	0.0094	0.0094	0.0094	0.0094	0.0122	0.0569	0.011	0.0094	0	0.0094	0.0094	0.016	0.0094	0.0154	0.0094	0.0094	0.0094	0.0094	0.0094
  d	0.0123	0.0123	0.0123	0.0123	0.0123	0.0123	0.0123	0.0123	0.0123	0.0123	0.0123	0.0123	0.0123	0.0123	0.0123	0.0123	0.0123	0.0123	0.0123	0.0123	0.0123	0.0123	0.0123	0.0123	0.0123	0.0123	0.0123	0.0123	0.0123	0.0123	0.0131	0.0504	0.0145	0.014	0.0123	0	0.0123	0.0146	0.0124	0.0163	0.0123	0.0123	0.0123	0.0123	0.0123
  e	0.0227	0.0227	0.0227	0.0226	0.0227	0.0227	0.0227	0.0227	0.0227	0.0227	0.0227	0.0227	0.0227	0.0227	0.0227	0.0227	0.0227	0.0227	0.0227	0.0227	0.0227	0.0227	0.0227	0.0227	0.0227	0.0227	0.0227	0.0227	0.0227	0.0227	0.0225	0.0348	0.0316	0.0226	0.0226	0.0227	0	0.0226	0.0234	0.0227	0.0228	0.0227	0.0226	0.0227	0.0227
  f	0.0108	0.0108	0.0108	0.0108	0.0108	0.0108	0.0108	0.0108	0.0108	0.0108	0.0108	0.0108	0.0108	0.0108	0.0108	0.0108	0.0108	0.0108	0.0108	0.0108	0.0108	0.0108	0.0108	0.0108	0.0108	0.0108	0.0108	0.0108	0.0108	0.0108	0.0109	0.0541	0.0132	0.0158	0.0185	0.0128	0.0108	0	0.0108	0.0108	0.0115	0.0109	0.0125	0.0108	0.0108
  g	0.014	0.014	0.0139	0.0139	0.0139	0.014	0.0139	0.0139	0.0139	0.0139	0.0139	0.014	0.0139	0.0139	0.014	0.0139	0.0139	0.014	0.014	0.0139	0.0139	0.0139	0.0139	0.0139	0.0139	0.014	0.0139	0.0139	0.014	0.014	0.0139	0.0476	0.0201	0.0139	0.0139	0.014	0.0144	0.0139	0	0.014	0.014	0.014	0.014	0.0139	0.0139
  h	0.0163	0.0163	0.0163	0.0163	0.0163	0.0163	0.0163	0.0163	0.0163	0.0163	0.0163	0.0163	0.0163	0.0163	0.0163	0.0163	0.0163	0.0163	0.0163	0.0163	0.0163	0.0163	0.0163	0.0163	0.0163	0.0163	0.0163	0.0163	0.0163	0.0163	0.0208	0.0442	0.0163	0.0176	0.0268	0.0216	0.0163	0.0163	0.0163	0	0.0172	0.0163	0.0163	0.0163	0.0163
  i	0.0128	0.0128	0.0128	0.0128	0.0128	0.0128	0.0128	0.0128	0.0128	0.0128	0.0128	0.0128	0.0128	0.0129	0.0128	0.0128	0.0128	0.0128	0.0128	0.0128	0.0128	0.0128	0.0128	0.0128	0.0128	0.0128	0.0128	0.0128	0.0128	0.0128	0.0128	0.05	0.0128	0.0194	0.0128	0.0128	0.0128	0.0136	0.0128	0.0135	0	0.0128	0.0141	0.0128	0.0128
  j	0.0165	0.0165	0.0165	0.0165	0.0165	0.0165	0.0165	0.0165	0.0165	0.0165	0.0165	0.0165	0.0165	0.0165	0.0165	0.0165	0.0165	0.0165	0.0165	0.0165	0.0165	0.0165	0.0165	0.0165	0.0165	0.0165	0.0165	0.0165	0.0165	0.0165	0.0164	0.0424	0.0165	0.0165	0.0165	0.0165	0.0165	0.0166	0.0165	0.0165	0.0165	0	0.0165	0.0165	0.0165
  k	0.0122	0.0122	0.0122	0.0122	0.0133	0.0122	0.0122	0.0122	0.0122	0.0122	0.0122	0.0122	0.0133	0.0122	0.0122	0.0122	0.0122	0.0122	0.0122	0.0122	0.0122	0.0122	0.0122	0.0122	0.0122	0.0122	0.0122	0.0122	0.0122	0.0122	0.0142	0.0504	0.0122	0.0195	0.0122	0.0122	0.0122	0.0141	0.0123	0.0122	0.0135	0.0122	0	0.0122	0.0122
  l	0.0291	0.0291	0.0291	0.0291	0.0291	0.0291	0.0291	0.0291	0.0291	0.0291	0.0291	0.0291	0.0291	0.0291	0.0291	0.0291	0.0291	0.0291	0.0291	0.0291	0.0291	0.0291	0.0291	0.0291	0.0291	0.0291	0.0291	0.0291	0.0437	0.0291	0.0288	0.0272	0.0291	0.0291	0.0291	0.0291	0.0291	0.0291	0.0291	0.0291	0.0291	0.0291	0.0291	0	0.0291
  m	0.0226	0.0226	0.0226	0.0226	0.0226	0.0226	0.0226	0.0226	0.0226	0.0226	0.0226	0.0226	0.0226	0.0226	0.0226	0.0226	0.0226	0.0226	0.0226	0.0226	0.0226	0.0226	0.0226	0.0226	0.0226	0.0226	0.0226	0.0226	0.0226	0.0226	0.0326	0.0332	0.0226	0.0226	0.0226	0.0226	0.0226	0.0226	0.0226	0.0226	0.0226	0.0226	0.0226	0.0226	0
