{
  "generated_by": {
    "program": "augur",
    "version": "24.2.2"
  },
  "models": {
    "country": {
      "alphabet": [
        "Benin",
        "Brazil",
        "Burkina Faso",
        "Cameroon",
        "Cote d'Ivoire",
        "French Guiana",
        "Guadeloupe",
        "Nigeria",
        "Puerto Rico",
        "?"
      ],
      "equilibrium_probabilities": [
        0.12819715712753324,
        0.10556713164177589,
        0.09828549827934903,
        0.06641016082697843,
        0.1029751013592142,
        0.10055994250175587,
        0.10771726175861653,
        0.16825180396086234,
        0.12203594254391445
      ],
      "rate": 28.578626850585987,
      "transition_matrix": [
        [
          0.0,
          0.7870396304699093,
          0.787756024879766,
          2.4105575223977636,
          0.7872521238541814,
          0.7868040294394093,
          0.786928470891723,
          1.0742830458690047,
          0.7870234020134624
        ],
        [
          0.7870396304699093,
          0.0,
          0.7870430599282415,
          0.7860498132404948,
          0.7870597565907806,
          0.7869144175106955,
          0.9704852986834805,
          1.0486503195240522,
          0.7871214148314593
        ],
        [
          0.787756024879766,
          0.7870430599282415,
          0.0,
          0.9640468554062214,
          0.8182339145423102,
          0.786858577851682,
          0.7874122134177811,
          1.4111845123604234,
          0.7869234261623851
        ],
        [
          2.4105575223977636,
          0.7860498132404948,
          0.9640468554062214,
          0.0,
          0.867037647031209,
          0.7930267183290998,
          0.8521261946925547,
          8.016716907013782,
          0.7846502912912579
        ],
        [
          0.7872521238541814,
          0.7870597565907806,
          0.8182339145423102,
          0.867037647031209,
          0.0,
          0.786823994978441,
          1.1933488020479472,
          1.0800252391361462,
          0.7869330581213257
        ],
        [
          0.7868040294394093,
          0.7869144175106955,
          0.786858577851682,
          0.7930267183290998,
          0.786823994978441,
          0.0,
          0.7867317902214019,
          1.1373544922027234,
          0.7868962594796347
        ],
        [
          0.786928470891723,
          0.9704852986834805,
          0.7874122134177811,
          0.8521261946925547,
          1.1933488020479472,
          0.7867317902214019,
          0.0,
          1.4565343897110887,
          1.1827117840248964
        ],
        [
          1.0742830458690047,
          1.0486503195240522,
          1.4111845123604234,
          8.016716907013782,
          1.0800252391361462,
          1.1373544922027234,
          1.4565343897110887,
          0.0,
          0.7575187744870394
        ],
        [
          0.7870234020134624,
          0.7871214148314593,
          0.7869234261623851,
          0.7846502912912579,
          0.7869330581213257,
          0.7868962594796347,
          1.1827117840248964,
          0.7575187744870394,
          0.0
        ]
      ]
    },
    "date": {
      "alphabet": [
        "1986-XX-XX",
        "1989-XX-XX",
        "1991-XX-XX",
        "1992-XX-XX",
        "1994-XX-XX",
        "2014-XX-XX",
        "2016-08-16",
        "2016-08-24",
        "2016-08-28",
        "2016-09-05",
        "2016-09-10",
        "2016-09-11",
        "2016-09-12",
        "2016-11-01",
        "2016-11-02",
        "2016-12-14",
        "2017-01-01",
        "2017-01-02",
        "2017-01-03",
        "2017-01-04",
        "2017-01-05",
        "2017-01-06",
        "2017-01-07",
        "2017-01-08",
        "2017-01-09",
        "2017-01-10",
        "2017-01-11",
        "2017-01-12",
        "2017-01-13",
        "2017-01-14",
        "2017-01-15",
        "2017-01-16",
        "2017-01-17",
        "2017-01-18",
        "2017-01-19",
        "2017-01-20",
        "2017-01-21",
        "2017-01-22",
        "2017-01-23",
        "2017-01-24",
        "2017-01-25",
        "2017-01-26",
        "2017-01-27",
        "2017-01-28",
        "2017-01-29",
        "2017-01-30",
        "2017-01-31",
        "2017-02-01",
        "2017-02-02",
        "2017-02-03",
        "2017-02-04",
        "2017-02-05",
        "2017-02-06",
        "2017-02-07",
        "2017-02-08",
        "2017-02-09",
        "2017-02-10",
        "2017-02-11",
        "2017-02-12",
        "2017-02-13",
        "2017-02-15",
        "2017-02-16",
        "2017-02-17",
        "2017-02-18",
        "2017-02-19",
        "2017-02-20",
        "2017-02-21",
        "2017-02-22",
        "2017-02-23",
        "2017-02-24",
        "2017-02-25",
        "2017-02-26",
        "2017-02-28",
        "2017-03-01",
        "2017-03-02",
        "2017-03-03",
        "2017-03-04",
        "2017-03-05",
        "2017-03-06",
        "2017-03-07",
        "2017-03-08",
        "2017-03-09",
        "2017-03-10",
        "2017-03-17",
        "2017-03-21",
        "2017-04-08",
        "2017-04-17",
        "2017-06-28",
        "2017-07-10",
        "2017-08-30",
        "2017-11-14",
        "2018-04-15",
        "2018-07-01",
        "2018-08-01",
        "2018-08-09",
        "2018-09-06",
        "2018-09-09",
        "2018-09-15",
        "2018-10-12",
        "2018-10-23",
        "2019-04-07",
        "2019-08-01",
        "2019-08-11",
        "2019-09-03",
        "2019-09-11",
        "2019-10-16",
        "2019-11-25",
        "2019-XX-XX",
        "2020-05-13",
        "2020-08-16",
        "2020-09-03",
        "2020-10-16",
        "2020-10-18",
        "?"
      ],
      "equilibrium_probabilities": [
        0.008923120043937525,
        0.008966920156458103,
        0.009022464762724128,
        0.008694672174313805,
        0.008463818975010055,
        0.009148975869472765,
        0.008897037172039534,
        0.00896022071688956,
        0.009135176559958456,
        0.008924284412308218,
        0.009044832435974188,
        0.009000276227406854,
        0.009044832435974185,
        0.007604298112134382,
        0.00847489761301582,
        0.009054674130872383,
        0.009046070618977007,
        0.009081265494115563,
        0.009036090138839312,
        0.009052373192657087,
        0.009135176559958444,
        0.009098023532147016,
        0.009120015111268203,
        0.00915898797096394,
        0.009006944728784992,
        0.00907612717646079,
        0.008821336927244867,
        0.009158987970963942,
        0.00894833922437886,
        0.009006944728784995,
        0.009103486020550297,
        0.008857484760123198,
        0.008986771532598714,
        0.008810219663574023,
        0.009045557598160359,
        0.009135162503012882,
        0.008948446007255343,
        0.00915091484773371,
        0.009074223206159415,
        0.009022865466043532,
        0.008945076772807937,
        0.009098023532146898,
        0.00903201492405929,
        0.009170568434938116,
        0.008930798997457804,
        0.009069674979752026,
        0.009013540523127202,
        0.009123959027481943,
        0.009170568434938083,
        0.009166050377479135,
        0.009120015111268203,
        0.009021507847715219,
        0.009194060500104448,
        0.009069674979752031,
        0.009061602298311043,
        0.009130862209103592,
        0.009166050444279527,
        0.009188348160983408,
        0.008992569506139901,
        0.009164477651810292,
        0.009116618613956037,
        0.008816686651319995,
        0.008992655524701349,
        0.00894833922437885,
        0.008956391409621973,
        0.008879429374825736,
        0.008930798997457811,
        0.009049258039285558,
        0.008946280789077788,
        0.009032066326644267,
        0.00913086220910354,
        0.009077896804739718,
        0.00902286546604355,
        0.009118499285558688,
        0.009014787917191153,
        0.009061635800013056,
        0.00881839469072297,
        0.009157079416562075,
        0.008976620156163287,
        0.009077552698317646,
        0.008990088657303875,
        0.009076229600041083,
        0.009177332810836956,
        0.009099490975726092,
        0.008945566688806389,
        0.009145505797343781,
        0.00911385728040867,
        0.006893249239865972,
        0.008700436596918276,
        0.008455833829212427,
        0.008486075241786897,
        0.008459028821589736,
        0.008356719087970355,
        0.008319452179860475,
        0.008455469454770922,
        0.00901047714763094,
        0.009110974613532665,
        0.008450627865704899,
        0.008781968405596434,
        0.008147563507701818,
        0.00877529127882508,
        0.009106623914328822,
        0.008665304935570177,
        0.008199839129032976,
        0.009082550580663016,
        0.0076388154243322735,
        0.009148975869472734,
        0.009075735184550302,
        0.008436720188898015,
        0.007085409545331368,
        0.0062815743765753385,
        0.006697908174309881,
        0.008432822706913841
      ],
      "rate": 400.32601586127066,
      "transition_matrix": [
        [
          0.0,
          0.9880928532219447,
          0.9899227115277843,
          0.9893190811148588,
          1.5933400694231699,
          1.0069612955466818,
          0.9886992576276468,
          0.9881471886026348,
          0.9882386322244219,
          0.9880514707714646,
          0.9881618743374926,
          0.9881754276170853,
          0.9881618743374923,
          1.095543476103393,
          0.9892279595357142,
          0.9882208105203909,
          0.9888441534261021,
          0.9882050527361189,
          0.9886168255606119,
          0.9882028644773033,
          0.988238632224422,
          0.9882874730841615,
          0.9882144628293793,
          0.9881878427567874,
          0.9880819992804459,
          0.9882026227076451,
          0.9878448380992308,
          0.9881878427567874,
          0.9880237447714627,
          0.988081999280446,
          0.9885229740620891,
          0.9880366855220541,
          0.9883956992530459,
          0.9878679076006467,
          0.9883157092503305,
          0.988905751684362,
          0.9888429285807795,
          0.9889588712459512,
          0.9886846536090658,
          0.9880402520290359,
          0.988557857155968,
          0.9882874730841629,
          0.9880700954409816,
          0.9883075010281948,
          0.9880097275523204,
          0.9881659529529884,
          0.9886429695229537,
          0.9883098724618055,
          0.9883075010281952,
          0.9881748743629557,
          0.9882144628293793,
          0.9885084143958246,
          0.9885597381276954,
          0.988165952952988,
          0.9882537247785707,
          0.9882314303310633,
          0.9881748536612466,
          0.989222549339359,
          0.9887140556493147,
          0.9886519960945472,
          0.9881274129724504,
          0.9878488746629865,
          0.9881911864959942,
          0.9880237447714627,
          0.9880883244766929,
          0.9879945264771776,
          0.9880097275523204,
          0.9886531951629591,
          0.9879885369856372,
          0.9880700567015042,
          0.9882314303310638,
          0.9881869250488824,
          0.9880402520290359,
          0.9888939646918657,
          0.9879130949773685,
          0.9882536328774273,
          0.9878503239828379,
          0.9883817263235236,
          0.9886737050153033,
          0.9889737134784812,
          0.9878831430250135,
          0.9882023689720976,
          0.9882250088890218,
          0.9883323757048776,
          0.9894755133969075,
          0.9883837481876526,
          0.9887617211611631,
          1.0515946325686574,
          0.988549885858138,
          0.9894325100502382,
          0.9893139731006833,
          0.989161261359508,
          0.9920207574344354,
          0.9881235483617077,
          0.9892884011638573,
          0.9882708107836872,
          0.9878753789988011,
          0.9885532345854053,
          0.9879803243091138,
          0.9904130692209508,
          1.0146044490644488,
          0.9878577750965081,
          0.9892114324883768,
          0.9906818298431148,
          0.9882014387686502,
          0.9894805351619742,
          1.0069612955467002,
          1.0442307538251379,
          0.9892508118535283,
          0.9897027905330015,
          0.9943320740206554,
          0.9998426053112267,
          0.9879421932128902
        ],
        [
          0.9880928532219447,
          0.0,
          0.9875539761030566,
          0.988851916964152,
          1.025526074372013,
          0.9879578811494989,
          0.9882532160917634,
          0.9877634708059885,
          0.9879157736930704,
          0.9876924412074946,
          0.9878370601222343,
          0.9878737168890209,
          0.9878370601222345,
          1.4691304833963958,
          0.988800266917406,
          0.9878959566489379,
          0.9895451583844322,
          0.9878799892832326,
          0.9883216808428922,
          0.9878788999853443,
          0.9879157736930707,
          0.9879312917024882,
          0.9878930034408814,
          0.9878603755958107,
          0.9877529309227168,
          0.9882004035937348,
          0.9875364406250651,
          0.9878603755958107,
          0.9877114240661183,
          0.987752930922717,
          0.9881989684060257,
          0.9877260949339928,
          0.9891655897738546,
          0.9875599964555897,
          0.9880087961191665,
          0.9885353098524559,
          0.9884371902846066,
          0.9886592857184845,
          0.9882912743376971,
          0.9877099050540055,
          0.9882483777920568,
          0.9879312917024894,
          0.9877198725273592,
          0.9879621313435831,
          0.9876978961759584,
          0.9878446631179553,
          0.9883219221867882,
          0.9879495839854432,
          0.9879621313435833,
          0.9878142642773338,
          0.9878930034408814,
          0.9881647855747043,
          0.9882323912009989,
          0.9878446631179549,
          0.9879297408837058,
          0.9879198993470383,
          0.9878142468620901,
          0.9889377376854237,
          0.9884750562441015,
          0.9883258438332719,
          0.9877825527548366,
          0.9875406560549982,
          0.9882217209538577,
          0.9877114240661183,
          0.9877673802930841,
          0.9876450149677871,
          0.9876978961759584,
          0.9883390192243628,
          0.9876643633071598,
          0.9877198384740757,
          0.9879198993470387,
          0.9878515554079661,
          0.9877099050540055,
          0.9885241339661873,
          0.9875854871295412,
          0.9879296475625093,
          0.9875420765609828,
          0.9880547464719625,
          0.9884461108645668,
          0.9886521618145118,
          0.9875608147468431,
          0.98819973422037,
          0.9878965693972181,
          0.9880073102634309,
          0.9892029092881197,
          0.988068483342255,
          0.9884411377491319,
          1.0328049004234592,
          0.9881195555657316,
          0.9890456948420872,
          0.9889449831097028,
          0.9888942501139616,
          0.9917407051687755,
          0.9878390079472682,
          0.9889249750609987,
          0.9879420750221172,
          0.9875485577088896,
          0.9882627981884099,
          0.987663379712025,
          0.9914253605024294,
          0.9897401889770511,
          0.9875299424145878,
          0.9890911690017649,
          0.9902449455681173,
          0.9878763189257457,
          0.9890925380596579,
          0.9879578811494993,
          0.9885166044837667,
          0.9889353492828121,
          0.9894970394017415,
          0.9947829017568699,
          1.01284414717664,
          0.9876497446259324
        ],
        [
          0.9899227115277843,
          0.9875539761030566,
          0.0,
          1.4929304987916077,
          1.49968064808125,
          0.9879387734221997,
          0.9882542398645914,
          0.9876724127266475,
          0.9878397367113455,
          0.9875846575319431,
          0.9877075123416991,
          0.9877202920787954,
          0.9877075123416991,
          0.9994394556579834,
          0.9886089006036428,
          0.9878222175935575,
          0.9882996910774677,
          0.9878073233229684,
          0.9881806973073468,
          0.9877816857348917,
          0.9878397367113455,
          0.9878856094812406,
          0.9878158349400655,
          0.987787410643083,
          0.987674060398959,
          0.9877864337268231,
          0.9874539040642404,
          0.987787410643083,
          0.9876295310100808,
          0.9876740603989592,
          0.9881266158776232,
          0.9876459207131981,
          0.9879196980437244,
          0.9874774020639383,
          0.9878899719560392,
          0.9885091629864758,
          0.9884396967697054,
          0.9885376526558128,
          0.9882835787047707,
          0.9876348754798847,
          0.9881676339414553,
          0.9878856094812418,
          0.9876312235689505,
          0.9879070018687287,
          0.9876158688148188,
          0.9877290812629621,
          0.9882497364553073,
          0.988026778533717,
          0.9879070018687292,
          0.987739719573415,
          0.9878158349400655,
          0.9880768317615397,
          0.9881604829006587,
          0.9877290812629621,
          0.9878566704399446,
          0.9878125514840322,
          0.9877397023261641,
          0.9887124766975515,
          0.9882576464633656,
          0.9882554063695672,
          0.9878024350636391,
          0.9874580878037764,
          0.9876047838287938,
          0.9876295310100808,
          0.9876947060325735,
          0.9875558935915987,
          0.9876158688148188,
          0.9882604722696341,
          0.9875919992572506,
          0.9876311930233228,
          0.9878125514840324,
          0.9877703085864965,
          0.987634875479885,
          0.9884977410643304,
          0.9875109326235157,
          0.9878565771265403,
          0.9874595042710704,
          0.9879830935641045,
          0.9882025167409345,
          0.9885819134248999,
          0.9874852117046365,
          0.9877861942884605,
          0.9878245102907892,
          0.9879328663060767,
          0.9890305162514857,
          0.9879750983714223,
          0.9883562350798276,
          0.995767080483426,
          0.9880245294217391,
          0.9889358986273983,
          0.9888594365670111,
          0.988745665746129,
          0.99164581500974,
          0.9877462134656401,
          0.9888968939290818,
          0.9878617017478012,
          0.9874744761064488,
          0.9881628544148007,
          0.9875902689155504,
          0.9898619148476571,
          0.9897126535792831,
          0.98745723419608,
          0.9886261281225435,
          0.9900889371680085,
          0.9878036535981035,
          0.9888400527044807,
          0.9879387734222,
          0.9886119516186066,
          0.9888374742335037,
          0.9893459651366273,
          0.9943807685259,
          0.9984759363614596,
          0.9875539376524942
        ],
        [
          0.9893190811148588,
          0.988851916964152,
          1.4929304987916077,
          0.0,
          1.9853547205722533,
          0.9889687363109316,
          0.9894494900125743,
          0.9894351608009508,
          0.9888291933062836,
          0.9887270298954377,
          0.988832982934296,
          0.9888368189985811,
          0.9888329829342959,
          1.3296698579782626,
          0.997458237457117,
          0.9887858471604695,
          0.9895002941885191,
          0.9887853831154242,
          0.989295538581213,
          0.9888321480989964,
          0.9888291933062838,
          0.9889240801413748,
          0.9888028518521956,
          0.9887698763467702,
          0.988776394030364,
          0.9888235036639662,
          0.9884654083088001,
          0.9887698763467702,
          0.9886536757483145,
          0.9887763940303641,
          0.9891237336054826,
          0.9886688678113716,
          0.9890207364766727,
          0.9884907183216202,
          0.9889716162541853,
          0.9895299164174933,
          0.9895624384714555,
          0.9895628110484606,
          0.9893484367509991,
          0.9887376122700036,
          0.989219383872652,
          0.9889240801413767,
          0.9885931931695198,
          0.988896564796109,
          0.9886399923244023,
          0.9887612315308911,
          0.9892650315286915,
          1.2307024647223423,
          0.9888965647961094,
          0.9887761481809314,
          0.9888028518521957,
          0.9890419032283597,
          0.9891399083224168,
          0.988761231530891,
          0.9888445998876048,
          0.9888519262163434,
          0.9887761261257862,
          0.9899357815299827,
          0.9894221182374555,
          0.9892206645538745,
          1.5080844966096385,
          0.9884700195510434,
          0.9894297969238424,
          0.9886536757483145,
          0.9887689686793067,
          0.9885489736432527,
          0.9886399923244026,
          0.989266960002335,
          0.9887119189680158,
          0.9885931643020477,
          0.9888519262163439,
          0.9887360185544497,
          0.988737612270004,
          0.9895173153392695,
          0.9884760858548548,
          0.9888445016984915,
          0.9884717397879079,
          0.9889534438484205,
          0.9893860170930089,
          0.9895725085155206,
          0.9885376170637977,
          0.9888231955815893,
          0.9887920814311985,
          0.9889133948755391,
          0.9901350294054708,
          0.9889728331187353,
          0.9893653914883426,
          1.0102815187755614,
          0.9890823700780101,
          0.9902808680912428,
          0.9903250058484661,
          0.9937662364514281,
          0.992981678393578,
          0.9888562099501436,
          0.9900536827143863,
          0.9888603665741643,
          0.9884575841743499,
          0.9892847205714977,
          0.9890467556682373,
          0.9914036907403613,
          1.161160678446531,
          0.9884256785301254,
          0.9932417047622139,
          1.0474854169587855,
          0.9887815455715,
          0.9924760122453995,
          0.9889687363109326,
          0.9897000620876845,
          0.9901709191991133,
          0.9917103475091208,
          1.491097980743967,
          1.221658030388433,
          0.9887843892172622
        ],
        [
          1.5933400694231699,
          1.025526074372013,
          1.49968064808125,
          1.9853547205722533,
          0.0,
          1.0382280431136326,
          1.55163927638484,
          1.0701312954615314,
          0.9943763252250604,
          1.001781011998966,
          1.0308777127296944,
          1.0010790936628065,
          1.030877712729688,
          2.894188811226482,
          1.1918906557129239,
          0.9942712543617844,
          1.0023165476577236,
          0.9942552297504429,
          0.9952067994754686,
          0.9945981388242262,
          0.9943763252250607,
          1.0177950447925483,
          0.9943522743459514,
          0.994266636587715,
          0.9942381725352375,
          0.9965105299783635,
          0.9940007928212486,
          0.994266636587715,
          0.9942078558698977,
          0.9942381725352375,
          0.994616736267948,
          0.9941769542646268,
          1.0016248592583747,
          0.9940268866608033,
          0.994939477938978,
          1.035770774287383,
          1.0635737270762753,
          0.9953868858870287,
          1.0692251908812809,
          0.9941602702727567,
          0.995065765903752,
          1.0177950447926325,
          0.9941962422166822,
          1.007755174238778,
          0.9941917045902073,
          0.9945716735894509,
          0.9947430476532887,
          0.9948885601050875,
          1.0077551742387902,
          0.9943431747790354,
          0.9943522743459516,
          0.994678470990289,
          0.9946599712826073,
          0.9945716735894502,
          0.9943195786797263,
          0.9945307025681985,
          0.9943431386502167,
          1.0049897321473509,
          0.9956594766269309,
          0.9947165618881328,
          0.9947715613167022,
          0.9940047007385204,
          1.102649874575104,
          0.9942078558698977,
          0.9941618876339253,
          0.9941809043136765,
          0.9941917045902077,
          0.994875191613966,
          0.9941058173247275,
          0.9941961764103863,
          0.9945307025681992,
          0.9942845683132081,
          0.9941602702727567,
          1.0355138724799267,
          0.9939131667608619,
          0.9943194823801231,
          0.9940074584574912,
          0.9944438128731208,
          0.9958464033114804,
          0.9950620671993465,
          0.9945356508128799,
          0.9965074147407149,
          0.9942865954307398,
          0.9944390759150216,
          0.9963646209866023,
          0.9945682398430337,
          0.9951257463061429,
          1.201088961408042,
          1.0083592291903263,
          0.996858271720904,
          1.0095449106252825,
          0.9974889785266073,
          0.9993848000993234,
          0.9944804547763175,
          1.0757868548710243,
          0.9944112148725213,
          0.9939112536710286,
          0.9950537221139746,
          0.9942509182141355,
          1.005309160849468,
          1.0691839400909933,
          0.9940413513242484,
          1.164322291094414,
          1.4261406034525599,
          0.9942515382517779,
          1.1730893898114865,
          1.0382280431136457,
          1.1212563116694418,
          0.9957869910983365,
          0.9990576537404592,
          1.2619163352374334,
          1.5182549584861273,
          0.9944649578236693
        ],
        [
          1.0069612955466818,
          0.9879578811494989,
          0.9879387734221997,
          0.9889687363109316,
          1.0382280431136326,
          0.0,
          0.9885671139286475,
          0.9880301185517879,
          0.9882036554167839,
          0.9879779141789905,
          0.9880814516465176,
          0.9881073967032344,
          0.9880814516465174,
          1.0377465280463152,
          0.9890026457486475,
          0.9881853262442798,
          0.9887221345333742,
          0.9881701415900341,
          0.98856841024662,
          0.9881558081973477,
          0.9882036554167842,
          0.9882192540061554,
          0.9881791235946409,
          0.9881516716198614,
          0.9880379139084755,
          0.9881539814155859,
          0.9878040338288873,
          0.9881516716198614,
          0.987985474461975,
          0.9880379139084755,
          0.9884949568941996,
          0.987999895341302,
          0.9883104939829717,
          0.987827736023636,
          0.9882663057100365,
          0.9888389119981175,
          0.9887295943522103,
          0.9889261854200843,
          0.9885894646304102,
          0.987997155842029,
          0.9885316548785135,
          0.9882192540061565,
          0.9880096349962962,
          0.9882559684947091,
          0.9879713414639466,
          0.9881094919608913,
          0.9886189786962367,
          0.9882569020023318,
          0.9882559684947095,
          0.9881160608454937,
          0.9881791235946411,
          0.9884592481894686,
          0.9885303832792881,
          0.9881094919608913,
          0.9882201909154943,
          0.9881857170331566,
          0.9881160422171335,
          0.9891447610111866,
          0.9886550913562562,
          0.9886263053187411,
          0.9880796761822348,
          0.9878081902991447,
          0.9880011030892235,
          0.987985474461975,
          0.9880519685315878,
          0.987931595686702,
          0.9879713414639466,
          0.9886283736500311,
          0.9879487576828264,
          0.9880096006402916,
          0.9881857170331569,
          0.988140620160188,
          0.987997155842029,
          0.9888271985529482,
          0.9878699298262289,
          0.9882200968164686,
          0.9878096688233935,
          0.9883499715479913,
          0.9886078913119627,
          0.9889567647415707,
          0.9878415405129255,
          0.98815373627759,
          0.988189514993777,
          0.988298516391264,
          0.9894381442738763,
          0.9883464866548272,
          0.9887336047283788,
          1.015782734228098,
          0.9884300574436076,
          0.9893606272769345,
          0.9892424602529807,
          0.989116886980729,
          0.9920616419527644,
          0.9880922041839117,
          0.9891988165548022,
          0.9882306661379451,
          0.9878337838233426,
          0.9885224794101616,
          0.9879412165278831,
          0.9903208451801959,
          0.998352881801168,
          0.987816050457566,
          0.989032229161035,
          0.9904558211846749,
          0.9881664461722276,
          0.9892592623110972,
          1.5309545578172792,
          1.3291013063402985,
          0.9892102759339749,
          0.9896917728705271,
          0.9935709819026215,
          0.9989421780651446,
          0.9878997221055186
        ],
        [
          0.9886992576276468,
          0.9882532160917634,
          0.9882542398645914,
          0.9894494900125743,
          1.55163927638484,
          0.9885671139286475,
          0.0,
          0.9883682614674784,
          0.9885602852475841,
          0.9882702535429106,
          0.9883934980963431,
          0.9884087774632042,
          0.9883934980963431,
          0.9981486991461038,
          0.9892531881115002,
          0.9885124990706382,
          0.989015019796898,
          0.9885133842454883,
          0.9888639708973509,
          0.9884731435553228,
          0.9885602852475841,
          1.008973216296843,
          0.9885342300009208,
          0.9884901971399754,
          0.9883745634011717,
          0.988516106921617,
          0.9882214844891335,
          0.9884901971399754,
          0.9883940287264736,
          0.9883745634011717,
          0.9888305472647994,
          0.9883964686224352,
          0.9886340260350447,
          0.9882455761878635,
          0.9885824203811666,
          1.0246363783738544,
          1.0496550786223864,
          0.9892322109796601,
          1.053895050706947,
          0.9883227216066832,
          0.9889234927209721,
          1.0089732162969227,
          0.9883193960906805,
          1.000206558431237,
          0.9883796553356975,
          0.9884190417409958,
          0.9889518143560416,
          0.9885702360872156,
          1.000206558431248,
          0.9884359134807114,
          0.9885342300009208,
          0.9887655072762671,
          0.9888637347725582,
          0.9884190417409958,
          0.9885625660400008,
          0.9885057593780315,
          0.988435896409643,
          0.9894101108653407,
          0.9889429942349093,
          0.9889528198378894,
          0.9884038002168081,
          0.9882257324434406,
          0.9883201808405839,
          0.9883940287264736,
          0.9883887098070473,
          0.9882594071027567,
          0.9883796553356975,
          0.9890006638667376,
          0.9882827384124253,
          0.9883193687407055,
          0.9885057593780319,
          0.9884627142735134,
          0.9883227216066832,
          1.0244201019733365,
          0.9882180185157495,
          0.9885624711235326,
          0.9882274239896814,
          0.9886818375261783,
          0.9888849478780537,
          0.9892819550544484,
          0.9881724686885096,
          0.9885158419547676,
          0.9885232628598926,
          0.9886236320579848,
          0.9897094893172111,
          0.9886740042565728,
          0.9890452244001174,
          0.9964121403965291,
          1.0002548203998254,
          0.9896640629159617,
          1.0012417816894552,
          0.9894719241758247,
          0.9929838752255995,
          0.9885779209232965,
          1.059892617617272,
          0.9885528240970385,
          0.9881691650201093,
          0.9890433774617924,
          0.9882638836206917,
          0.9909467184950291,
          0.9900696542911038,
          0.9881517039833013,
          0.9893817285597323,
          0.9909603562181287,
          0.9885096038466629,
          0.9896502397356653,
          0.988567113928648,
          0.9890912868615289,
          0.9896737098588567,
          0.9910933047475543,
          0.9941178608408562,
          1.1391417035899394,
          0.9883880644628399
        ],
        [
          0.9881471886026348,
          0.9877634708059885,
          0.9876724127266475,
          0.9894351608009508,
          1.0701312954615314,
          0.9880301185517879,
          0.9883682614674784,
          0.0,
          0.9879935286483945,
          0.9877936908946691,
          0.9879387736343037,
          0.9879657295668571,
          0.9879387736343035,
          1.5015615220717808,
          1.0519240221741268,
          0.9879776551110122,
          0.9885165497297594,
          0.9879606359327959,
          0.9884070820252263,
          0.9879566763458976,
          0.9879935286483945,
          0.9880134628219275,
          0.9879695613180464,
          0.9879417938757556,
          0.9878277615402853,
          0.9879646159871048,
          0.987605249493334,
          0.9879417938757556,
          0.9877818721765841,
          0.9878277615402856,
          0.9882788663164512,
          0.9877968607660552,
          0.9881372981543656,
          0.9876285575856175,
          0.9881424137072341,
          0.988623885057782,
          0.9885212302695219,
          0.988742579207207,
          0.9883828565434598,
          0.9877878655160222,
          0.9883190619297563,
          0.9880134628219287,
          0.9877852065256987,
          0.9880471469156373,
          0.9877681217193786,
          0.987920367163028,
          0.9884006651497108,
          0.9880318334152064,
          0.9880471469156379,
          0.9878941721420837,
          0.9879695613180464,
          0.9882284575757444,
          0.9883139962654334,
          0.987920367163028,
          0.9880096786184547,
          0.9880031881475094,
          0.9878941549634315,
          0.9890234412390215,
          0.9885860977023079,
          0.988407329523337,
          0.9878654729653223,
          0.9876093805120343,
          0.9879599255365568,
          0.9877818721765841,
          0.9878464578860023,
          0.9877124021648418,
          0.9877681217193786,
          0.988411277299625,
          0.9877444343560854,
          0.987785176211609,
          0.9880031881475096,
          0.9879239594483767,
          0.9877878655160222,
          0.9886125575774887,
          0.9876647020753704,
          0.9880095859159946,
          0.987610799670601,
          0.9881363922617877,
          0.9885518595394156,
          0.9887314488682608,
          0.9876563827568909,
          0.9879643547725081,
          0.9879787897349807,
          0.9880886525312895,
          0.9892896789288352,
          0.9881505850298836,
          0.988520732988189,
          0.9966345498061846,
          0.988161568808183,
          0.9890982936036582,
          0.9889943442256572,
          0.9889492835294149,
          0.9917800770238071,
          0.9878929833929768,
          0.9889886192297286,
          0.988016668370774,
          0.9876305156482347,
          0.9883151729153704,
          0.9877424770534496,
          0.9901807432899427,
          0.9895668393222696,
          0.987639709437482,
          0.989293139736368,
          0.9912191187637431,
          0.9879569897246425,
          1.01306754979006,
          0.9880301185517881,
          0.9885590967191491,
          0.9889825099673843,
          0.9895606706678739,
          0.9936938983135458,
          0.9988576180755766,
          0.9877084613529489
        ],
        [
          0.9882386322244219,
          0.9879157736930704,
          0.9878397367113455,
          0.9888291933062836,
          0.9943763252250604,
          0.9882036554167839,
          0.9885602852475841,
          0.9879935286483945,
          0.0,
          0.9879538113420175,
          0.988064204622111,
          0.9880935206893358,
          0.988064204622111,
          0.9971920840339172,
          0.9888573888141702,
          0.9882063082886599,
          0.9886965138100543,
          0.9881938657274821,
          0.9885733135710353,
          0.98817559636226,
          1.524977961559091,
          0.9882551164293395,
          1.0064413041228126,
          0.9881749065192486,
          0.9880592074902799,
          0.9882334224889658,
          0.9878761752584422,
          0.9881749065192486,
          0.9880496152023303,
          0.9880592074902802,
          0.9885211769095321,
          0.9880602801560864,
          0.9883099324955202,
          0.9879004715323896,
          0.9882738463645994,
          0.98885993968602,
          0.988777714897888,
          0.9889512333515386,
          0.9886108277921137,
          0.9880123168340728,
          1.007061496803303,
          0.988255116429341,
          0.9880087679916995,
          0.9882766384407462,
          0.9880362360254393,
          0.9881137966104073,
          0.988646548473294,
          0.9882622069035414,
          0.9882766384407466,
          0.9881228585638414,
          1.0064413041228129,
          0.9884632533046538,
          0.9885540908252756,
          0.9881137966104073,
          0.9882454278169064,
          0.9881985904802382,
          0.9881228411942157,
          0.9891491557729907,
          0.9886442161501638,
          0.988648587084299,
          0.9880917808580401,
          0.9878804794303627,
          0.9879410422565583,
          0.9880496152023303,
          0.9880769076122906,
          0.9879400408705351,
          0.9880362360254393,
          1.2643035797647129,
          0.9879669794161768,
          0.9880087384871344,
          0.988198590480239,
          0.9881525998359464,
          0.9880123168340731,
          0.988848125313822,
          0.9878889467964936,
          0.9882453326324736,
          0.9878820540598053,
          0.9883720869297635,
          0.9885865881046707,
          0.9889833651805684,
          0.9878604357995538,
          0.9882331306168184,
          0.9882105412022429,
          0.9883209605683643,
          0.9894317722985708,
          0.9883637203450544,
          0.9887601753971434,
          0.9959675440880001,
          0.9883800996200788,
          0.989328445659612,
          0.9892389004390432,
          0.9893602168919676,
          0.992302661412957,
          0.9882180128988983,
          0.9893919040772603,
          0.9882465437207806,
          0.987853998268573,
          0.9886377629169574,
          0.9879605615075768,
          1.0616548854212715,
          0.9897278577418777,
          0.9878359891638578,
          0.9957239718639895,
          0.9984679289773899,
          0.9881901222700313,
          0.9894119309849145,
          0.9882036554167842,
          0.98866683423879,
          0.9892701803709956,
          0.9899617922006748,
          0.993483077438826,
          1.064802262996055,
          0.9880990258800327
        ],
        [
          0.9880514707714646,
          0.9876924412074946,
          0.9875846575319431,
          0.9887270298954377,
          1.001781011998966,
          0.9879779141789905,
          0.9882702535429106,
          0.9877936908946691,
          0.9879538113420175,
          0.0,
          0.9884589673958953,
          1.0111655353158582,
